0.0699467917401427,0.00320543209464144,0.0160559451275529,0.0141369517872645,0.0261405295084446,0.0171463384911674,0.0270034852995946,0.00684725812036854,0.0381888431887791,0.0238423056885212,0.00158990966092531,0.00269113253147456,0.00349397501538232,0.0447217935877789,0.0125996455028782,0.0641573042183062,0.00264855535463604,0.00232051615333357,0.100149638301232,0.113035599392194,0.000394689478267928,0.0113338179361905,0.0233164565390302,0.00215728971326753,0.0197627788160824,0.0733826451526056,0.214378960185599,0.176677718707598,0.344722762503032,0.324209159624578,0.0972668556769871,0.0514631315822173,0.0021779870273021,0.0032532800608736,0.00601057935796442,0.0103388796233204,0.000972737075967161,0.00171749786790422,4.95654113508328e-05,0.0178477345052014,0.00324827077602065,0.000585686940912176,0.0673106555148588,0.0907300031579264,0.0710796277610587,0.0636325294487584,0.0293909767682435,0.0118049583945326,2.80235217519455e-05,0.0321958799505016,0.00142685959030688,0.00152325890421485,0.000379414510677997,0.00199286858176375,0.00111868984848316,0.000588186796471306,0.000263161882969285,0.00119055314782076,0.000259469916589514,0.000132630645872055,0.00583165370922761,0.00254866827893558,0.00179464526497364,0.0192004638270874,0.00321722125194448,0.00072920956232818,2.37493852395905e-07,0.00134623001047431,0.000959542385675576,0.000276524484568265,0.000782554303212463,1.25600713310709e-06,0.00266061724055717,0.0147100873175661,0.00923803291107561,0.000733555242755843,0.000426662961330417,0.00254682641889948,0.0012338335997378,0.000173356846040879,1.07012770958974e-05,5.25088552965797e-05,0.00057618150236973,0.000895755708625938,0.00307388306325361,0.000573041465314289,0.00148792755047549,0.00144645399263166,0.000360385053369356,0.00044131929932627,3.95256805441203e-06,5.93230239097416e-06,0.000824340779278232,6.06003083635384e-05,0.000219996375051675,2.59630523992189e-05,0.000391421646814302,0.000232098416285488,0.00111480565858247,0.00111213272273957,0.000770473596219179,5.68333685908536e-05,0.00202796296683559,0.000989711304931929,0.00023462240874585,0.00420108600501678,0.00519231246586559,0.000183959898374955,1.20348688867476e-05,1.10215797969611e-05,8.18180653389891e-06,0.00280235510733099,0.00359354050590239,0.000455522713313172,0.000566681907928568,6.68049890978343e-05,0.00151471991941577,0.00268761086475825,0.00307897501241748,0.00878948206267046,0.0107829501512796,0.0250390425066198,0.00245023807965435,0.00585733017355322,0.00471083879064752,0.00399795123134772,0.000176382734011202,0.000886502776620191
0,0.279013556624056,0.713257774233298,0.408399923390453,0.200939497031353,0.238674932378763,0.167579386662682,0.27152008029227,0.374868372369027,0.414051604111095,0.150236093160671,0.197279305357923,0.948265022828413,0.898477895711333,1.46463247185173,0.544601594631534,0.194619626638123,0.587600212427392,0.654673378036756,0.257960240820052,0.345055215126607,0.214580564745793,0.280973651326068,0.356289745298436,0.498033433064402,0.577685993334031,0.997421658387383,1.11465980030578,1.12326387854429,0.787576123175976,0.487266394517442,0.491596310041256,0.439580601330123,0.261091518817383,0.088246582254379,0.0316249318667572,0.00812930935609551,0.0901365556616932,0.104607485329296,0.100695200799971,0.211451113684887,0.178311760585612,0.296770446158712,0.341444877776424,0.35975364453469,0.338231595781099,0.4615457537163,0.199534171165588,0.250115507610123,0.156542640216958,0.0727680504094998,0.0996345541795956,0.0426290352699779,0.0541986431438629,0.00935893153263317,0.00138576222472112,0.000441784491258077,0.000334461122275526,0.000437526875608852,0.000829154466815813,0.000634146231011833,0.000602854750995312,0.0101516322959852,0.0157054929286053,0.00645289741256209,0.000636514378292357,0.000317528262007935,0.00303144724747145,0.000516008173975282,0.00145485005279323,4.31689696926936e-05,0.000480413947519922,0.0010970226887363,0.00114378982516878,0.00138826156237527,0.00155196594490971,0.00138838073051877,0.000816788169618499,0.00142622172151366,0.000375578712972431,0.000771120684083261,0.000566066301735597,0.000837785573154988,0.00185511712526891,0.00130253677029625,0.000572866609320903,0.0019968255898262,0.00397401085020505,0.00998964797542296,0.00587595459644007,0.00495928733604232,0.00326315580872799,0.00334206953773786,0.00573141363382176,0.0133606360754207,0.00973841395017105,0.0100533968432733,0.00884588719355024,0.00522717507767494,0.00664000415123295,0.0190628588834788,0.0266856280163323,0.028866485048471,0.0631120657870341,0.0707376687792593,0.0927608583933805,0.133216561999392,0.238700166637954,0.13839942154333,0.110694681296759,0.135246590622093,0.0727483141995525,0.0747467138939139,0.0661581274151336,0.067922063767358,0.0492712293531615,0.0412030393576689,0.0333159090395491,0.0210326507708579,0.0210561239683689,0.0429621224637421,0.0169848999059927,0.00368991481359659,0.00626524065621096,0.00527958999353054,0.00158036885427994,0.000735797194786415,0
0,0,0.716584711755023,0.219851712934158,0.215065345177105,0.228772022296239,0.244627245269893,0.329092627815493,0.224983784063413,0.202938260604704,0.363848492153977,0.34887366797993,1.00194596354823,1.21835095417563,0.355236724203815,0.828883575346557,0.616160247195867,0.270432139853395,0.525506723587435,0.299684252832244,0.20736287393567,0.272448194981615,0.367868754506519,0.383807323526658,0.521736298532747,0.859076276153578,0.906216355846124,1.21223037152866,0.839238290062093,0.772498091616891,0.563364691605749,0.508417851942762,0.381981682958777,0.227347179807548,0.0609068612529826,0.0372473816687306,0.0550363422174252,0.0570642257118494,0.140330255599378,0.156624571526558,0.0939023243057228,0.219654797253432,0.253539357104452,0.259026724508025,0.477065245305237,0.340006005708608,0.345297796307413,0.281879738456558,0.183691546992365,0.188718242045187,0.113926953733235,0.0967434743104171,0.0353490944796793,0.021352466024221,0.00285648846064845,0.00191842048312535,0.000397221995260611,0.000721620891181697,0.000207516628571614,0.000177264870719851,0.000169903393791763,0.000850221618282502,0.0104641508992012,0.00477513537379929,0.00365474593754764,0.00315999723901471,0.00126739882751582,0.000823294573545202,0.000694297629344489,0.000259014435738307,1.71977511124739e-05,0.000166495288796436,0.000215134508916251,0.000200571116568672,0.00104818432642385,0.000803868017367851,0.000112018358575542,0.000535377223912356,0.000418630670259691,9.00623989521826e-05,0.000282327681453512,0.000314103664020776,0.000496221065793272,0.000904708030617755,0.00103256555564066,0.00154728738176939,0.0021701111785014,0.00506403744150985,0.0081879942319774,0.00579363578576682,0.00783213422162629,0.00537839093156527,0.00913144692852347,0.007794516259534,0.0123454382094551,0.0147102919809903,0.00990441423979852,0.0079084858631426,0.0110072831409419,0.0200233849147603,0.0204502468393056,0.0443149830453398,0.0571018841677515,0.0699789546574749,0.104876963790561,0.170551286498166,0.209214711518555,0.202447795158794,0.191720562015876,0.129360288842616,0.118128935284633,0.0937525708268866,0.0760042831316844,0.0435606662522896,0.0621724136297526,0.0555752492546708,0.0343205516859672,0.0389343183376584,0.0523397550653462,0.0488738539884288,0.0392223254028763,0.0181941795713054,0.0143508018500615,0.0137984133974624,0.0152193996362529,0.0078200981556669,0,0
0,0,0,0.0699928849077259,0.0368418032164537,0.0465706377677506,0.0498091258827993,0.210591742306772,0.123592898219185,0.115050753203213,0.123070564350352,0.166346591954646,0.47450847444262,0.0528995286194786,0.133247353596925,0.203353127452433,0.181157423423222,0.11833709536564,0.140389895204691,0.152963825570452,0.132627718152663,0.175320682001981,0.268585299869934,0.296459407341031,0.511220086701278,0.987919040403229,1.35628417505385,1.01488592165467,0.671377637142069,0.67210269485111,0.618080003336748,0.394281082975992,0.177257421907417,0.0947059711306816,0.0803665335338114,0.115832989663908,0.0632231570979702,0.052283793009734,0.184216881359765,0.163586088617449,0.133884606205779,0.162890265289302,0.327834076946617,0.468216846860086,0.484045235410798,0.661754035182935,0.464615677626057,0.29596546268949,0.281165590905267,0.242080276757289,0.203219928299063,0.0370728812170816,0.00712515684450194,0.00119999794708356,0.000255606848992082,0.00035969904025763,0.000308190543436529,2.49603308737661e-06,0.00017030400773167,0.000290784440501008,2.41000177633254e-05,0.000538293600383412,0.00459786720561876,0.00396214058413079,0.0044715027522862,0.00228701480250455,0.000863260996882037,0.000786664592273397,0.000755360832314558,0.00017251887586976,0.000231723153116172,0.000313034996243741,0.000424478626429213,0.000231632927514458,0.000906673779381174,0.000138664670278732,5.85432162841931e-05,0.000634158462547908,5.68724535841151e-05,0.000199764198831684,0.000274100362715813,0.000595132750741921,0.00155989371338212,0.00142250550660143,0.00109037953593529,0.00135119025345252,0.00475416138585725,0.00606574948155973,0.00488718794018456,0.00405371891447443,0.00537147772194963,0.0084826537547837,0.0105346977890721,0.00543754402085962,0.00973073403885754,0.0122882914747532,0.0102597558193501,0.0102995588475833,0.0175751553031053,0.0137609930251037,0.0193485975661451,0.0567726339374895,0.0535013073127352,0.0706561272398267,0.166561312814057,0.207675894937752,0.165957691302094,0.191963201688641,0.176715434425052,0.112576967705166,0.106748572363306,0.129083438861413,0.0749322971640759,0.0506272649807294,0.0896687413106166,0.0667796361677334,0.0405630373081077,0.0848480573953173,0.100709053282685,0.0419554822360557,0.0331291106745506,0.0557485199149193,0.0182844006049244,0.0189339949992946,0.0120762737926563,0,0,0
0,0,0,0,0.022651515978349,0.0210065292004647,0.0231714342213514,0.00727026858743297,0.0625487382514057,0.116078819994727,0.0999571198719756,0.153137913565561,0.0818621969746306,0.0878513122354321,0.12795904480764,0.0952615191544507,0.0575365351628205,0.0525953056386816,0.0523083762410022,0.0560990978976328,0.0450284431372432,0.160851569651771,0.230046217920129,0.490706854765634,0.730595254429424,0.948307870504812,0.588856956857188,0.665987522073384,0.432207850057916,0.483346655942823,0.185583493000659,0.0970567706567392,0.0459944961584791,0.0471449551194416,0.199720992002683,0.152622868318663,0.033487415460011,0.0585658789868291,0.0418224175724857,0.00784613068952458,0.00964590687565896,0.0201310457048295,0.0748056033829633,0.232205182150938,0.150083120987474,0.307304934870223,0.195628477290619,0.154538445618158,0.0449025178701433,0.132493119969392,0.0431480419382623,0.00521202263194445,0.000592175647141028,0.000906927036234712,0.00032417707578022,0.000214094148913422,3.50713059258236e-05,2.42979932519005e-05,0.00026045682105046,0.000591444455438137,0.000610740265895257,0.000142743865486919,2.52093742693549e-05,0.00126384807537944,0.00277235410703775,0.000587159880302281,0.000110091590048435,0.000390939923310985,0.000291167280283493,0.000414603767483786,8.79690729826807e-05,0.000180660694472639,0.000153503151945553,0.00109201010419247,3.43285031437653e-05,7.76006549452622e-05,0.000109994194553101,0.000140735786744026,0.00017838595921512,2.04022509438564e-05,7.76989311498055e-05,0.000233771156912672,0.000586192114752415,0.000619877918580293,0.000697976826540253,0.00162434948110647,0.00322080741990473,0.00177536066698825,0.0023157848563028,0.00279443423973814,0.00467962401605318,0.00227352913324594,0.00190812008534779,0.00221494200033499,0.00445928652517106,0.00790685256016749,0.00400889478477484,0.00640775701065837,0.00347781257899858,0.0107892489493779,0.0203983837742703,0.0392130841176743,0.0463982689682571,0.0925211330976458,0.128186245668641,0.0861218403433415,0.116554664777518,0.137848830609187,0.110575160404857,0.0899969458475897,0.0893877446061703,0.0702140999672665,0.0493803726906518,0.036131726975113,0.0233326192429288,0.0210684734398236,0.00867525129296277,0.00631212672648919,0.00884211392668295,0.000515941812190231,0.00112098555167872,0.00470431590986943,0.00169434506078237,0.000522822505827321,0,0,0,0
0,0,0,0,0,0.0164635529701213,0.0321621521137296,0.0256897245793978,0.109253866055854,0.0945070752064688,0.0837495408353027,0.0427134737442758,0.0717061062402226,0.0812659342454008,0.108173486037209,0.0672485139740872,0.0534991781238606,0.0449181904072653,0.0759248226828738,0.0686990277874936,0.0772965368943285,0.247322299142596,0.671655027813185,0.943704033286874,1.19368880265404,1.17350091054679,1.02231477869379,0.666602641691588,0.447835710116804,0.25531560425402,0.108967997972716,0.0368452513335529,0.0533590641147221,0.138645111325717,0.208222580208466,0.0837255692995107,0.0541213883013885,0.0418890915313468,0.0174091630673145,0.0790917402625569,0.0391276716623221,0.0685551663610446,0.0942372796751159,0.113945781124268,0.133629114254613,0.138236173510083,0.123209211053587,0.0293806585436244,0.0841720003500481,0.080247315453759,0.0121923814326153,0.000833896025060166,0.000238251832550096,0.000776528961920001,0.000950971788354067,5.5726070767344e-05,2.64022619782388e-05,0.00031811013988694,0.000419295725768663,0.000863116263772457,5.18559936399473e-05,0.000274000543265117,0.00096985828756986,0.00209832503423682,0.00089116069036292,0.000295522470658581,0.000217316235765541,0.000393505535109533,0.00010482932015307,6.31597993038389e-05,0.000129787280015555,0.000155582799031112,0.000401500227808227,0.000215325509988868,0.000180869452966731,0.000142442572384415,1.47293976382497e-05,9.78247352550418e-05,2.02437529725559e-05,6.24852192698971e-05,4.69653681092835e-05,0.000163934753681652,0.000317634986648863,0.000991704328560516,0.000947673506187778,0.00111626045865775,0.000755720207651669,0.00092614774364844,0.00183523949008625,0.00319260465359171,0.00131401496569231,0.000669012994410432,0.00175236104718618,0.0019500314895622,0.0041074735484934,0.00787247362854458,0.00397525388201588,0.00298054332531555,0.00613096868441227,0.0100430618144741,0.0166157498726849,0.0326956223876014,0.068686937146516,0.0502717931701003,0.0431897550868883,0.0663244487351891,0.0696401549828875,0.0805460644797625,0.126613326066978,0.0917368445367096,0.0412375167438491,0.0451004006947325,0.0177103870007514,0.00247886707377392,0.00846605559436777,0.0156774548313342,0.00851909871561362,0.0194166962645588,0.0159731134360329,0.00556943106131651,0.00772266230308428,0.00889720384752076,0.00162256795925403,0,0,0,0,0
0,0,0,0,0,0,0.0285833025168927,0.0650828048503138,0.114769399069656,0.0813799166815387,0.0826726435584133,0.0330734017038503,0.0198459079633312,0.0520388962229686,0.119818573530878,0.14421213038865,0.0793921465215562,0.104249292417914,0.103095759868182,0.106488841393431,0.204420122793849,0.44187470937559,0.737895049663258,0.692929126355948,0.579494696334062,0.423011683557327,0.305229594230043,0.29317892983415,0.109434261858916,0.0892691613001323,0.0603266915320091,0.0466235258508667,0.108474167114621,0.229096278798583,0.250955566069933,0.0969570803170806,0.0771366708073004,0.071060486830366,0.0619443894938009,0.0828648992384784,0.172171060228977,0.124184741378959,0.127212177135279,0.140117866650649,0.15045289415072,0.075631923340496,0.0517840988150901,0.0518367150725604,0.0463304266238504,0.0177938748892072,0.00453379652200911,0.000634653056939846,0.000315211408819557,0.00347324388836861,0.000191928624649355,0.000631085874521971,0.00111760127686872,0.000969019916079216,8.4038216047735e-05,0.000707871438855651,0.000183164458454219,1.32777839643395e-05,0.00801240737455905,0.00414512588759624,0.00310898955058128,0.000627305555059134,6.16447719019436e-05,9.16188027559389e-05,3.66890392445374e-05,0.00010279070557734,0.000221367339876967,0.000104762793792279,0.000212740079094484,0.000167660303970335,1.94807333195805e-05,5.46325637887202e-05,5.80438298016216e-06,6.46102018557885e-07,0.000147445644354303,0.000144719518645573,7.89869077753192e-05,0.000110702775869115,0.000343157075517176,0.000632222230200714,0.000346243007524326,0.00023170730451967,0.000425582642432395,0.000580596300408347,0.000988234095174546,0.000188604741276283,0.000116552929000206,0.000422216264690533,0.000494574742318082,0.000370486654420587,0.00261721700901985,0.0024909234422828,0.00393099813800666,0.00110765741206559,0.00242749434439462,0.00393091564549055,0.00592290295362662,0.010102789104164,0.0158049971472962,0.00393396337164789,0.0071921973826158,0.0140024033971836,0.0183199766755776,0.0281494840838453,0.0277481256119317,0.0127215017647373,0.0159118795884217,0.00635130584719718,0.000560282477375484,0.00111158047860519,0.0182777850608596,0.0311223276645806,0.0116243530866605,0.0385075061379444,0.0301390159351208,0.00706248527693201,0.0076111088065074,0.00172947629582808,0,0,0,0,0,0
0,0,0,0,0,0,0,0.257053567170348,0.0425579475390095,0.137844343091811,0.138771070429151,0.0179756451391948,0.0253699967515515,0.0698318553946527,0.0616451531853767,0.228295604886646,0.191518240337822,0.173573115787448,0.151326240002995,0.199484152686279,0.288468066174013,0.296065324753465,0.358973261311996,0.340135171790327,0.301324081388056,0.208436312533794,0.222462587728006,0.170729667061866,0.101402080902,0.058570407967583,0.0665929572044162,0.115129907763113,0.187010298665869,0.389709727751807,0.333560210865009,0.0411181403487716,0.0969813987481725,0.0583629518896905,0.0143731389224144,0.132766498524889,0.163081852600545,0.0897365756551421,0.192078915881674,0.406917049714934,0.260526233398355,0.0941716648694159,0.134780254999303,0.120542623893189,0.0363742157639238,0.00374626977711064,0.00109433132084063,0.000350687741647633,0.000347348881949206,0.000185816054683014,0.000292214532053204,0.00359443931217398,0.00239288880156278,0.000633822443135762,0.000102118517909356,0.000657134408050866,0.000183486690479704,0.000394549139773691,0.00196602118037844,0.0024148213699071,0.00337814683286244,0.000133976109478105,2.37465100709295e-05,7.94263683444618e-05,4.78420309158646e-05,5.82757084044719e-06,3.77639551741908e-05,4.09928432493459e-05,0.000174032402340907,0.00012578986519244,1.30522752856876e-05,9.52175225171291e-05,5.49639216246015e-05,5.79626789179289e-05,9.5166045036093e-05,2.0651396199484e-05,1.61069110091407e-05,5.48930518344196e-05,0.000127768372562339,0.000245759938781622,1.67240316970934e-05,1.28115967178717e-05,9.82727309961542e-05,0.00013079779526855,0.000199483162580491,5.36515891317061e-05,7.04303167877842e-05,0.000348862876677608,0.000237268072100924,0.000689622065369087,0.00158750230184858,0.00362159342485146,0.00353199485926345,0.000999437175738161,0.00210511569080891,0.00611695092023154,0.0067449174127163,0.0145164900182313,0.0111359596086597,0.00520205567449949,0.00697548954319564,0.00949394545884188,0.0177352873706862,0.0289536963566357,0.00837184092653379,0.00646263469308142,0.00894370485799835,0.00224162210530245,0.00573059397902355,0.0167650349760963,0.0285370643220321,0.0151525874753089,0.0129806063340793,0.0137654739937961,0.00370607463584701,0.00759633243643004,0.00230799757767815,0,0,0,0,0,0,0
0,0,0,0,0,0,0,0,0.0907133739810611,0.191452560630103,0.254441062910835,0.018057394823995,0.277341162627335,0.509076274409779,0.172654669869936,0.392577640860061,0.187940744918629,0.20324819536751,0.190446726956744,0.24356253228696,0.428514073956843,0.278359343008515,0.392781598849461,0.405316531542809,0.226519578517078,0.250791226053218,0.209062326724239,0.175747770719194,0.120140978590458,0.104703627336912,0.0845638324798088,0.237240618719726,0.19279865954263,0.395229929966692,0.62616673416937,0.0444674133067341,0.105892157913447,0.126284319932769,0.107118689425299,0.190520259667982,0.306172402029506,0.217799115649051,0.453746787038249,0.503987078792825,0.186858635373768,0.138594958296265,0.114516371928292,0.040225016327435,0.00901924680772952,0.000984059296420122,0.000233349591768235,0.00328816669170602,5.56986293282687e-05,0.000468642359362225,0.00951566345200746,0.00868481429168546,0.00253091056643672,0.00036335881969429,6.37802587750183e-06,0.0003592644810329,3.35215306522775e-05,0.000392683373209712,0.000544720721266015,0.0035627432680429,0.00120212502035723,4.24974931247544e-05,6.44254571492083e-05,0.000321837271736577,1.22814296399327e-06,0.00058257672612401,0.000178629847833757,0.000562285979475718,0.000425822780691906,0.000153457274461866,3.94638989343727e-05,1.0647115543702e-05,6.32355571122121e-05,4.61064210100873e-05,2.54893806979685e-05,0.000257086469978077,0.000358956446757851,2.01547744353817e-05,8.14532769253351e-05,5.32741998561992e-05,1.96275135515817e-05,8.1767124592416e-05,5.84807722288316e-05,0.000148567680416204,4.1440442049248e-05,3.9674384631862e-05,4.9858022918676e-05,0.000120043740016441,0.000778605106426386,0.000999928145850095,0.00125582615344965,0.00258004353614719,0.00114292570954434,0.000738977185362923,0.00214949081894101,0.00442733369974426,0.00468556574326412,0.0136822599547217,0.0126102366942088,0.0158020668133831,0.00882964942462005,0.00459322869009833,0.026887310453254,0.0123500507203344,0.00278467012070707,0.00852572378015082,0.00301780466312718,0.00142036233390338,0.00611930919348685,0.00272275778303711,0.00174729224208025,0.00666210524557516,0.0104912554240976,0.00757951020153557,0.00401525571450566,0.0045931519090633,0,0,0,0,0,0,0,0
0,0,0,0,0,0,0,0,0,0.562251815824546,0.173073219024807,0.10011389480866,0.258243792783071,0.272111935082906,0.274897457890886,0.452525626200086,0.128621464296974,0.267137293841652,0.365853343818778,0.157375916219822,0.299575719157336,0.243031568813265,0.145910094750318,0.174892655926536,0.123354542226238,0.128512709877084,0.138194525128563,0.0756619669643648,0.0577465852197401,0.190438207558915,0.153122959082059,0.192403480420272,0.375908329016301,0.565077603679848,0.536723976111866,0.211843383494416,0.0673612462661107,0.0673362241650411,0.173121053869109,0.160110183740558,0.107242538893487,0.206759473746653,0.26851310222096,0.179903319805754,0.207925657475403,0.140110237779246,0.0478415896323195,0.00856256753350127,0.00126258348863994,0.000233407639316635,0.000966489666900174,0.000613290623755966,0.000268847650029207,0.0169767708976544,0.0191300249858043,0.00489779388962885,0.000165764547211371,9.93392198509661e-05,7.82886460079853e-05,0.000335631043737039,2.84033954696841e-05,9.56367464144179e-05,0.000451810971492929,0.00263405169327221,0.0005246543134925,9.41984006112613e-05,0.000250979364711355,5.96578040827719e-06,0.000290960621940501,0.000951113002054157,0.000304804215670437,7.05666282559431e-05,0.000851440418323949,3.21928625242984e-05,0.000229979385661258,7.49183524340615e-05,4.31112971826498e-05,2.59384138341654e-05,6.48439795280649e-05,0.000579101483416977,0.000233900100349421,9.31054828360884e-05,0.00014504918954533,8.64233570226404e-05,0.000197923499705602,0.000270394450324839,0.00027795179576679,0.00046971222444648,0.00093035361755486,0.0004904463312785,0.000251679651524005,0.000686854216729452,0.000802767343504158,0.00207084041521552,0.00217210515607799,0.00428943191124645,0.00206563969453939,0.00265339950343357,0.00498772953413372,0.00363013855178462,0.00387631682802533,0.0167224369762571,0.014755940686174,0.0139466928158654,0.00742735308300469,0.0113508635322964,0.0138884392741133,0.00936191430458845,0.0165627754264911,0.00987016277863321,0.0133298980065265,0.00785621763415186,0.0169041687679494,0.0189142135645092,0.00494900941985151,0.0183616865345034,0.00984051682617276,0.00773877181894116,0.000962400381983912,0,0,0,0,0,0,0,0,0
0,0,0,0,0,0,0,0,0,0,0.157041318619369,0.119191836900096,0.194928147423795,0.203434660811043,0.405883215866606,0.370627928538813,0.259933988250869,0.395975548076125,0.232029246330076,0.248028180558628,0.297114785434309,0.177472146430109,0.136312593979792,0.119518831933949,0.0943254061562336,0.0889655977355833,0.0525036995587809,0.0595881719877022,0.119288693049006,0.185188584370474,0.159228812845874,0.260089841639681,0.459336405392586,1.30037671561598,0.968807839459847,0.164749199489074,0.0590380119670052,0.0584115225288821,0.101171219404936,0.0855040717338189,0.0894025087996158,0.190221982863114,0.18668231857714,0.301504526218313,0.376875602732916,0.153162671223398,0.0433490217026828,0.00555315348508655,0.000201397173404861,0.000536860669791834,0.000159641993450485,0.000216917477949746,0.0076424197686304,0.0222442022692979,0.00985996720953894,0.000866813098654675,0.000203233793299036,0.000139684817211382,0.000200005731461077,0.000684704253964772,0.000647409078026297,9.7970258686012e-05,0.00101094391626502,0.0011363308424613,0.000105715817266371,0.000521973439731843,0.000257159822633313,0.000833509802594848,0.000180724255141754,5.91781994473126e-05,6.66740086382253e-05,0.00088471254549306,0.00111157808850322,0.000344000789571206,0.000464120606529096,0.000450658733217297,9.79705266724389e-05,4.34079369886242e-05,2.92903746370714e-05,7.0570537682574e-05,2.35037839616866e-06,1.83027998066792e-05,0.000362062121239918,0.000543411342779988,0.000183190736978948,0.000148418835734538,5.89777037562778e-05,0.000298013717315954,0.00058456785306049,0.00038305628002788,0.000193037221859361,0.000718419999436652,0.00219344689098724,0.00211175767197903,0.00474279680372938,0.00841369679292056,0.00234621145408,0.00337013133577142,0.00501234897540051,0.00542654448950764,0.00570335016811567,0.00930060209137941,0.00928545351730746,0.0143601877932767,0.0211952787026158,0.0198115069559725,0.0105473238389446,0.019776712496267,0.0252497707956524,0.0337294023848807,0.0212818876666975,0.0111270610814544,0.043193537928546,0.0258012866202666,0.0171244555177265,0.0292798995020152,0.0113060171620599,0.00579171106874824,0,0,0,0,0,0,0,0,0,0
0,0,0,0,0,0,0,0,0,0,0,0.091539808712439,0.237457684989936,0.23097589538649,0.292641825978744,0.218023409209177,0.224386927362096,0.355980494069366,0.23302049668215,0.297790278182602,0.354127602110067,0.27006508144863,0.206513942850886,0.102751235355696,0.083600265391414,0.0431715628410258,0.0435274350535677,0.109719633060659,0.136347104678539,0.157966917710602,0.240975182306655,0.286784769975114,0.484853719330512,0.914750231178665,0.375450468248366,0.0460417616749928,0.0524998811224006,0.0594954234812719,0.0647872167165899,0.0769213740923042,0.0791856654298737,0.0902486901470654,0.103667921119319,0.0926290973964139,0.102585910643753,0.0247781532851698,0.0110799677840777,0.000125406364204759,0.00280160841109649,0.000514760667306835,0.000928196061676121,0.0101520293318338,0.0121526279383347,0.01813300752737,0.00394799536351802,0.000101488540045185,0.000142864253385006,8.23025593966366e-05,0.000579457950710503,0.00192550419101899,0.00019117984839444,0.000136869993528523,0.00364839804901357,0.0085736985617807,0.00257391535306163,0.000406359503326231,0.00156588174707885,0.00475763388587507,0.000369747089991285,0.00135780316149308,0.00247809385158855,0.00277731169163247,0.00247792040612521,0.00168059154606072,0.0059844151786696,0.000639282469018453,0.000443126936274056,0.00100854666906101,0.000650911077272565,0.000651686801921971,0.000217674786559942,0.000971514908702454,0.0016193504683624,0.000695144643647273,4.3029146103812e-05,0.00191836016107866,0.000597843119489552,0.000708047162262063,0.00122782141315959,0.000944603359698241,0.00213354350999978,0.00110420120633761,0.00194655907379751,0.00387342992960941,0.00612278356433699,0.00620676380590153,0.00687200259420466,0.00465290814612502,0.00460277779742589,0.00556334778476165,0.00431720875954691,0.0121765630054325,0.0198750671239103,0.0334561822993933,0.020663979096339,0.00767082955230703,0.00545150091532688,0.00674030326479789,0.0125272929724597,0.0127774121586859,0.00251399965381046,0.00410950110582277,0.00814125204527351,0.000283023612453001,0.00334428798253476,0.00958998493945676,0.00124271845099959,0,0,0,0,0,0,0,0,0,0,0
0,0,0,0,0,0,0,0,0,0,0,0,0.501171471874955,0.401003303602813,0.28072299179608,0.532968262166776,0.587783059990918,0.338212406212975,0.231879731008645,0.304911115623837,0.316228844322098,0.359536976321575,0.19968694080661,0.0860922405985238,0.0476579592953613,0.0455148342908692,0.0711117631391873,0.125401961188288,0.144555477662709,0.259770143996103,0.428607352387598,0.385395787030436,0.438039800111985,0.450384285596617,0.141821342005552,0.0708889598343682,0.0631804634777554,0.0211363139558842,0.0428184552401846,0.0440619394194198,0.0183879908476224,0.0305581704614232,0.0162968488686221,0.0598238215052549,0.0193468969592975,0.00466071894847255,0.00181001382454992,0.00243929956408409,0.0015633841212191,0.000316353489811254,0.0182025248447536,0.0328987335141856,0.0261001719883126,0.00996851097644419,0.00485906660617883,0.000518140290268682,0.000179726805031156,0.000735402247756713,0.000604934073016646,1.4015741503242e-05,2.35086221288712e-05,0.00076443414812152,0.00473205857974888,0.00911660748377646,0.00558524170559468,0.00154830623382608,0.0078466535875429,0.00219304188901804,0.00840499555354818,0.00362278977756469,0.00284254225311991,0.00159809666078556,0.000843987412986182,0.00489969877285066,0.0040153386593605,9.59548035888578e-05,0.000293954398229124,0.000937753172131799,0.000823602596091921,0.000362233009199387,0.00020916835150262,0.00137159658175461,4.73446312957639e-05,0.0014027164392003,0.00359605912887594,0.00256299872107497,0.000919004089489368,0.000956191284940271,0.00246336929826901,0.00154795148297135,0.00216245455459812,0.00290987920129404,0.0032270302877403,0.00529389611158283,0.00461809972734984,0.0112323583285666,0.0062403699972662,0.00353272989997805,0.00201500511288927,0.00392625591830475,0.0090966349649509,0.0150750730434123,0.0250640216693375,0.0189191931753079,0.00708016839260483,0.00589066349107141,0.000128815017212231,0.00154439149770316,0.0157283457783569,0.00752351269268221,0.000333577899969834,0.00400382097187027,0.000790274246401947,0.00887964767478482,0.000375338407510124,0.000746338152744014,0,0,0,0,0,0,0,0,0,0,0,0
0,0,0,0,0,0,0,0,0,0,0,0,0,0.0313050836098473,0.0894082544307506,0.292893265089982,0.3003315373878,0.4990973067686,0.541200877370625,0.350307174760265,0.470075134957848,0.262467671367091,0.0903556280947947,0.032880588558924,0.0265963057263513,0.0505432788488322,0.0983647816112272,0.131652399131551,0.296659706050931,0.401667784228363,0.388484087223356,0.460656615048563,0.435657099390867,0.43409652438724,0.152684589018716,0.103482445983046,0.0422042694518781,0.0272097934697182,0.0758526271991797,0.0264205727271945,0.0227746556504553,0.0237402369808443,0.0158927607163737,0.00380793995404804,0.00223281133011397,0.00272151127448735,0.00607116296009162,0.00354271118184873,0.0032193420143932,0.0186843531545018,0.0266108911517805,0.0188939202308714,0.00804078987790923,0.0181299737870794,0.0230523929515082,0.000979820818973614,0.000461882725224214,0.000836286808762805,0.00278723957434276,0.00221313699180678,0.0018657525785462,0.00331084514254502,0.012031368999713,0.00196390195591247,0.00480147938758733,0.00185311293848682,0.00663773265789064,0.0125019896494084,0.00799422976092782,0.00176133587335413,0.000518711047988057,0.00032081169528296,0.00100146724392551,0.0013818186987302,0.000159239495857955,0.000537850749240752,0.00208412380630571,0.000599442392622919,0.000634950496672524,2.83037112863731e-05,0.00121265652251798,8.24197799638173e-05,0.00177066382279089,0.000492895189612101,0.000369486417225039,0.00260495681115339,0.000967469441491698,0.000979752126884387,0.00203574389857175,0.000153963482810581,0.00383682467974145,0.00333700300243928,0.00794266475010842,0.00115522158767585,0.0042660277328307,0.0138598072728908,0.00441860077389047,0.00158938803156479,0.00441955765465412,0.00769778823489791,0.00476952458088847,0.0168986524436123,0.00655949227180029,0.010370657637907,0.0169300260304876,0.0225882566184521,0.00357753457635859,0.000708293941909228,0.0200315321546946,0.0341895541530912,0.00049862922794063,0.0117529487176273,0.00422562204392766,0.000135899255012418,0.00955440712106903,0,0,0,0,0,0,0,0,0,0,0,0,0
0,0,0,0,0,0,0,0,0,0,0,0,0,0,0.141447125587846,0.252892959598708,0.180333525904304,0.305756434472287,0.231459890727016,0.19514359182121,0.211619060595724,0.151076899408171,0.0305671973289046,0.0259279640567354,0.0302164095466348,0.0326969355847054,0.0486244245640016,0.155152371196979,0.221408155219362,0.217351932197837,0.319086377580405,0.33257694060258,0.323848905879418,0.178342445974057,0.139645179231486,0.0639792209275477,0.0134448057916424,0.0204583819878121,0.0300590045114522,0.0283246116036969,0.00834280006718281,0.0120820026510954,0.0109941795550377,0.00230321097791856,0.000961112208523046,0.00320201453615677,0.00218081073875199,0.00430293946948171,0.0157647797834439,0.0396488704974422,0.0405114282130239,0.00772191758157676,2.22683113545341e-05,0.0252180371942811,0.00749011346798412,0.0020545754132953,0.000641398378874442,0.00385223651196523,0.00200652383851127,0.000716634805652293,0.0245194761793273,0.00190974168059244,0.00157103712546613,0.00777363438297499,0.0142093624183271,0.000592183997494338,0.0210886698074612,0.0103374829666162,0.00512462019009158,0.0119961863653743,0.00189779536330121,0.000318444566848949,0.000492125508266349,0.00778460365551314,0.00697563763209531,0.019876100716302,0.0103232617032667,0.00166367740994369,0.00310572575258382,7.71583067309495e-05,0.00611979515118275,0.00419475372233128,0.0032729708382321,0.000206908654852397,0.00170580132971471,0.0103197227931359,0.00219680772442472,0.00143851622156639,0.0011619147841066,0.0102206068359387,0.0101731606915787,0.0140951677381546,0.00383619696232251,0.000648887345225774,0.00559122188366697,0.0150153620130912,0.00157838611868121,0.00248807460638103,0.00240815774182713,0.00974095126938542,0.00514827771624516,0.0176995540898531,0.0104570800043083,0.02368334333744,0.0127348564973263,0.0109625325228877,0.00426367276295486,0.00236821905436399,0.0132116520013623,0.00254662403910571,0.00245761976813735,0.0130829624690313,6.83122398267575e-05,0.00660030697354157,0,0,0,0,0,0,0,0,0,0,0,0,0,0
0,0,0,0,0,0,0,0,0,0,0,0,0,0,0,0.286179071528722,0.163239387789268,0.121449039941042,0.133190875922945,0.0430387297738951,0.10654247485563,0.107399840033038,0.0359731273072283,0.0447505723420017,0.0427762799696577,0.0329320597989326,0.0913498525018671,0.156172710094436,0.127022938355573,0.173168166282155,0.237607301586479,0.304824645971712,0.189727087825448,0.142058871167595,0.114269514809939,0.0361686891433033,0.0237520188648165,0.0097969582528995,0.0244084454975493,0.0171528800540003,0.00412797698377603,0.00265772666487568,0.00498884426303812,0.000961284052996018,0.000728483748436581,0.000253010236596975,0.00191393166712801,0.00800477483212473,0.0106103931826663,0.023610398078385,0.0155092793359167,0.0114011742300832,0.00215134010345156,0.0109910826434458,0.0151473318225594,0.000547637617819256,0.000696490344880837,0.00182668935995539,0.0010009691088613,0.0148791531077333,0.022904333286576,0.00238165821390208,0.00335227587654158,0.00840448430954575,0.00192880115690128,0.0261420725511386,0.0145933824875288,0.0235142506674947,0.00680641603655798,0.0131717914160362,0.0123678930958211,0.00117031709926738,0.00576205073151148,0.0251147521365548,0.0372327748163527,0.0182036037042281,0.000836028794674067,0.000269486480053704,0.000984639114872005,0.00772777285183018,0.0101011284548665,0.00546107258277822,0.00915715588231976,0.0115684358931972,0.0120366225711876,0.00726774930412661,0.00135065067762599,0.000472833189740701,0.00684540916397996,0.00827423444434208,0.0355579904905491,0.0193219125359894,0.00621616570886067,0.00331696530867168,0.012632746185468,0.00902978555068052,0.00909262528463873,0.00490929451958049,0.00908922833581106,0.00418729510119792,0.00495665342419715,0.00649075483975189,0.0125148977212759,0.00124123520396798,0.0011215570380403,0.00782547070884374,0.00710258687954366,0.00402530022133222,0.0088143374869089,0.0137323403546419,0.00821277791519144,0.00199378508671668,0.00812248397391987,0,0,0,0,0,0,0,0,0,0,0,0,0,0,0
0,0,0,0,0,0,0,0,0,0,0,0,0,0,0,0,0.0314352947651854,0.0669785148455047,0.0091115473717415,0.0058441798886623,0.00188133518570418,0.0255257228445003,0.0466913920125084,0.0864864959641129,0.0235481439044419,0.0395904404792911,0.137225264058157,0.134956883322485,0.167373737987667,0.276004608510629,0.310503908347313,0.332968181949102,0.159415677975415,0.0656046833744278,0.0726068170928073,0.0491099832311644,0.00881021421303308,0.0185737953883138,0.0179020472109941,0.00950696753388443,0.00200597691309658,0.00265596199224018,0.00128227825569334,0.000143709698390178,0.000218055633934007,0.00259683593600687,0.0210253779159403,0.00763720917071899,0.0179106062970525,0.0217989509403564,0.00254993512001169,0.00647926810167434,0.000489380975705385,0.00408436294752901,0.0050646092568854,0.00102486054564164,0.00204335426398792,0.00615159206833012,0.00042173716440385,0.00359186416459924,0.00321521668194255,0.00250670765533672,0.00124579098574776,0.00146236637285889,0.00366337424581004,0.00966594332508703,0.00613105869822773,0.00411777561550172,0.00612630358863771,0.00820306822434714,0.00194593368354878,0.000191327448762406,0.00180428011352483,0.01517655654166,0.0187304763778593,0.00171912082046759,0.000495706091540213,0.0035661199793483,0.00110586781064426,0.0023509397845655,0.000636546080608783,0.00707259483206931,0.0103515526191316,0.00349140102690632,0.00211315337839739,0.000174056536566266,0.00127775951012685,0.000752183237726707,0.00165892079931944,0.0159454574521074,0.0243780807278329,0.00398831509466387,0.00425592643400286,9.14904084699359e-05,0.00019462733800593,0.0100701583479802,0.0251041097400986,0.00478708217968199,0.00279989630597419,0.00314531300463451,0.00181491121822471,0.00659453674690708,0.00153716911565935,0.000819464830481898,0.00471314252344098,0.0233033114494629,0.00696682649281488,0.00810873323844308,0.00369409592476464,0.0118089218740591,0.00340733438844812,0.00865413251903983,0,0,0,0,0,0,0,0,0,0,0,0,0,0,0,0
0,0,0,0,0,0,0,0,0,0,0,0,0,0,0,0,0,0.0688570837278113,0.0477198917628124,0.00151325550673834,0.00485156020711884,0.0590414303504029,0.0682611677705801,0.0657453158335758,0.0499134550842089,0.0951432401621505,0.128335900166164,0.149999361735993,0.2494148012623,0.343369130401569,0.295116765657328,0.319342683007196,0.115226042486129,0.0640249712891645,0.0642718764101443,0.0183582291916299,0.0116702176302946,0.00384215890118463,0.00361012201755748,0.00205497925432449,0.000630497572011711,5.43211346696392e-05,0.00123076818856586,0.00117537366717057,0.00251077914310521,0.0249347359035984,0.0253959388562967,0.0107919078779957,0.0195330397361558,0.0114041727582631,0.000554117130562008,0.0133062537188583,0.00942167248116803,0.000487862567209555,0.000431323047406977,0.000192259370341813,0.00359013830505693,0.00285695813553329,0.000901479535143287,0.00455356852291209,0.00240583171608878,0.00104503022132338,0.000762942340985199,0.00451818221408684,0.0116401831212928,0.00496408033048757,0.00190939060609042,0.000161261519515065,0.00219211880389293,0.000178997833265662,0.000112253312174167,0.00035161875322289,0.00297660119102981,0.0087624300160851,0.00253636380343409,0.00202680134823583,0.00697639840215024,0.00588976613600968,0.00263802770673051,0.00520791606093408,0.00750229714313694,0.0156919359680952,0.00404135672839735,7.61894851457114e-05,0.000140559234590084,0.00175548465535875,0.000861585235141898,9.96629576388572e-05,0.000158444626655163,0.00891916251422689,0.00080771185382712,0.00148519668178968,0.000908326233610427,0.000846802257670454,0.000375797072636155,0.00140815513416128,0.00732765776828544,0.00939863789404198,0.00315877573811755,0.000162045012044572,0.000222979935252357,0.00375062196304519,0.000558730829595926,0.000940291988153394,0.00961135245889554,0.00685766918770291,0.00260566381096699,0.00373877280652021,0.00162093746620934,0.00216474534870067,0.00909291512103387,0,0,0,0,0,0,0,0,0,0,0,0,0,0,0,0,0
0,0,0,0,0,0,0,0,0,0,0,0,0,0,0,0,0,0,0.00110500146877127,0.0441123471769806,0.0648807557388075,0.274631557286079,0.1446731167973,0.14091688880204,0.182188009496341,0.144808873623545,0.12695085855968,0.258754981969797,0.307957290004293,0.383880800861554,0.301620696700375,0.139493749519223,0.192537558221837,0.125852711735079,0.0193409444857237,0.0374962501545756,0.0110209501340797,0.00488429434309918,0.00175878893440114,0.00235067066641448,0.000740856871552755,0.00167263853276778,0.00142399130632456,0.00142613909452244,0.0157150543986779,0.0175532336460667,0.0212648219314911,0.0129192819366224,0.0055103869563376,0.013742916423158,0.00384098196027951,0.00994113822743122,0.00240179443333297,0.000189116289216157,0.000797340377750121,0.000290150806841888,0.000550714205465902,0.00218252892588739,0.000356781363390464,0.00123719393074116,0.00109951499068345,0.000859530136360806,0.009830826657752,0.00688224336363312,0.000894923799625793,0.000588758006231827,0.000792497720400508,0.000416290749305107,0.0035197853614411,0.00158155559111415,0.000623293601302343,5.62906763566027e-05,0.000731901208540559,7.88942329582209e-05,0.00112851946912564,0.00378629582638798,0.00135376139678479,0.00784765240398493,0.0169352178839959,0.00094295312816744,0.000709993791902527,0.000454560094938814,0.00216771361077678,0.00282904753167832,5.82734939572918e-05,0.000360557672001895,0.00195686829956543,0.00175887783075269,0.00290995899157546,0.000373250277132685,0.00290380164550124,0.000667751358575479,3.86781341018009e-05,0.00250081892537192,0.00120905221983531,0.00101022675772454,0.0102355403262567,0.0133258919524111,0.00277400934054007,0.00129756632134835,0.00964655970428674,0.000342148642892909,0.00821144983746773,0.00888411484871241,0.00342944575852151,0.00140536218021835,0.00162095668452785,0.00288269086750621,6.36475139813843e-05,0.000260470632609239,0,0,0,0,0,0,0,0,0,0,0,0,0,0,0,0,0,0
0,0,0,0,0,0,0,0,0,0,0,0,0,0,0,0,0,0,0,0.0840000682653467,0.310133804478199,0.340924469439338,0.193588738855139,0.258929125999538,0.244188273084213,0.157746367513121,0.240607703453423,0.327394459944599,0.46174804041913,0.572917864578081,0.203050530425824,0.35476073841576,0.340446659101026,0.0716929455181213,0.0491919481419844,0.0195071701477116,0.00746824867327912,0.00287522679706959,0.000718148301156573,0.000688787622645151,0.014125765861376,0.00111500757323628,0.00557055896809799,0.0739955487941935,0.0453030525142726,0.0701359534507388,0.0811405556072279,0.0238320729559355,0.0355847904743995,0.0190021680090094,0.0233895466609031,0.0353025102702254,0.000769775694692033,0.000554737329977724,0.0114787016625261,0.0028016084760972,9.65422846701377e-05,0.000239689541178342,5.27649149030395e-06,0.00302675633605293,0.0069542702788688,0.000895520477922712,0.00279147098050868,0.00950958639434708,0.0102748772431701,0.00225806710056726,0.00294871360543016,0.00138668115007637,0.000386755828163012,0.000246224905606748,0.00947194490796269,0.000188833149436714,0.00152892977736645,0.00204021057881501,0.000378143432882906,0.00645145505794997,0.0287999031463753,0.0506827092768073,0.0346813845424605,0.00744682205195429,0.00631300278163247,0.00137961963783907,0.0030849684652973,0.000167009509130031,0.000296864899356485,0.00171742300705347,0.0019009328887104,0.00360057332370991,0.000990250980252178,0.00164748756423234,0.00322297348433362,0.00140381657277529,0.00130007708809176,0.00650005813322667,7.50825901723259e-05,0.00291608473755495,0.0372658807537951,0.00629523937271496,0.000348091115199681,0.00116294064779034,0.00673670300085129,0.0159838694752029,0.0261406614062094,0.00026215078955458,0.00212232026389612,0.00212738740554022,0.00913632959142871,0.00458786595298595,0.00409410827366133,0,0,0,0,0,0,0,0,0,0,0,0,0,0,0,0,0,0,0
0,0,0,0,0,0,0,0,0,0,0,0,0,0,0,0,0,0,0,0,0.646892000086421,0.313941717699738,0.469050444667775,0.329085441899928,0.200267706094592,0.307548150495954,0.2773368786301,0.175048070271202,0.612364432270392,0.33576964172654,0.392284416322227,0.563153967626061,0.123763138130202,0.101645824556995,0.0467732489842324,0.00770171633686343,0.00257817475920878,0.00044906667239032,0.00213626621257271,0.0163577955601071,0.00709067015289776,0.00686669385644924,0.168137603739514,0.200606167247103,0.0647481606264928,0.0914607441914413,0.0639840095135483,0.0228824450866659,0.0439571527406474,0.00713391647797116,0.0248886417069046,0.00483403672437681,0.00479905624399177,0.00581347876892632,0.00167413737478919,0.00234780767985424,0.000462287101080053,0.000158851214658847,0.000359569498080434,0.00354462499927704,0.000776776797398702,0.000278157461691507,0.0011961812441503,0.0051831197748769,0.00576177302738758,0.0044192115545633,0.00545064641176676,0.00159624367372072,0.000237510094181803,0.00283245402112804,0.0048743351263042,0.000150145709514567,0.00092428399900443,0.00523111856846094,0.00441150604959416,0.014760470128976,0.0178543876813565,0.0391664092302888,0.0147776822172928,0.00321115912706672,0.000415540775557467,0.000591124532573356,0.000397740961884593,2.04693494550207e-05,0.00218170007031279,0.00508279868767967,0.00249013096167649,0.00174562111885658,0.00176136150657714,0.00737912027828682,0.00130888136806351,0.000159203519134522,0.00337429948872611,0.00124804260640399,9.0867918424078e-06,0.00949129086962378,0.0193601723425441,0.0042617262363344,6.3360125167789e-05,0.00555743503483016,0.00130314791086153,0.0369803364827862,0.00153110011096928,0.000794612100291712,0.00263755186852833,0.00879404508881331,0.00461284209700239,0.00465102152805104,0,0,0,0,0,0,0,0,0,0,0,0,0,0,0,0,0,0,0,0
0,0,0,0,0,0,0,0,0,0,0,0,0,0,0,0,0,0,0,0,0,0.282031411408334,0.154997710287943,0.235104481357601,0.270711880607328,0.195855372688396,0.141996287819785,0.217936353773304,0.374821211631829,0.248943622065985,0.271545479895906,0.0754621007424692,0.120728844262059,0.0606961187241375,0.018143838636721,0.00180355423920569,0.000293237457390386,0.00109134639523265,0.00279565339122057,0.000970190132502622,0.00199317847075745,0.0381826219202372,0.103441466200617,0.0888906193040768,0.0382871006791767,0.0374167703166288,0.0288749167819711,0.0136396223436614,0.00518418636399627,0.00606663782793567,0.00524332141846762,0.00900824791819312,0.021295998413355,0.0248945450899278,0.00325288862418155,0.000615449844215297,0.00467472638160905,0.000636904931376782,0.00113940862791575,0.000267550936283687,0.00060955810562461,0.0023087910906135,0.0127739572578768,0.0179911974146906,0.00542398269093798,0.0210725007453759,0.0239041648359403,0.00434841049753748,0.0137353904570191,0.00166833284034619,0.00168981026410835,0.00242466976178224,0.00863147127550693,0.0422788436125864,0.0728900786557258,0.0402876844845575,0.045658447800022,0.0181573788221017,0.00714657733168208,0.0227400622400985,0.025434414352986,0.00196768921764143,0.000171307057496931,1.20614218079115e-05,0.000565597167024604,0.00483551988985147,0.00759517546474606,0.00338258554302633,0.0113062931355405,0.00542411703703655,0.00398920673903045,0.00425661090899894,0.0091852775134127,0.00374436832877913,0.00744626967247081,0.00974848036488048,0.00188252225506073,0.00365772587771498,0.0215315957181429,0.0737348432816535,0.0267924958589043,0.0301456681837505,0.000120206051502293,0.000403521366054917,0.00178278173197561,0.00564655600519966,0.0113211179271174,0,0,0,0,0,0,0,0,0,0,0,0,0,0,0,0,0,0,0,0,0
0,0,0,0,0,0,0,0,0,0,0,0,0,0,0,0,0,0,0,0,0,0,0.155928686676697,0.274288251734732,0.203919780690682,0.110364297945472,0.161266294513315,0.320156693286263,0.248216590658037,0.317005348602682,0.094081367950273,0.119612922384395,0.0309485940725674,0.0189225094964047,0.00358932716172783,0.00232899130732561,6.66369204700726e-05,0.000572785259697827,0.0036925404801518,0.00912084856851188,0.0078708210943044,0.0232527907625492,0.0633262203710892,0.0168505859640231,0.019220901268251,0.026315036287305,0.0270161989723889,0.00242658659460504,0.0205044528630003,0.00633002873524597,0.0237233010163718,0.0369981511897396,0.0550501660825832,0.00668784206184301,0.036734055707434,0.016443735932289,0.000130042909074785,0.00584903890293975,0.00253705140593367,0.0172213541001682,0.00211933823579951,0.00326821019493199,0.000836777635399784,0.0681910473182592,0.0117272700283983,0.00178198551008331,0.0132460359741739,0.010250260245148,0.0744009585629716,0.030999529205672,0.0427658343945825,0.00774499163625449,0.00393799118008858,0.0700392526014579,0.174573704192075,0.0745936868454888,0.162030048589374,0.0660534443308199,0.0279229216177231,0.0399040146145486,0.0182761195220152,0.00801057824619836,0.00712350270119335,0.00253388566677346,0.00470615936791921,0.019979375354705,0.010018183323926,0.0123023984340511,0.0208261443772093,0.0105220574499486,0.0313686446398567,0.00213358675731596,0.00576827798877565,0.0129781589121156,0.00808232198524592,0.0842919560946277,0.181808966899029,0.14445795034066,0.0850479318336624,0.0818030397925645,0.0783780056944442,0.0217971051246308,0.007792961371271,0.000953201551622515,0.0252512282183665,0.0055044955740113,0,0,0,0,0,0,0,0,0,0,0,0,0,0,0,0,0,0,0,0,0,0
0,0,0,0,0,0,0,0,0,0,0,0,0,0,0,0,0,0,0,0,0,0,0,0.340847384883708,0.282607613338491,0.106148121784954,0.0525224547227724,0.0262753202602762,0.164470503509172,0.105974146243041,0.120446820374034,0.0492542455215269,0.0311014137151834,0.0828507562840323,0.00878433199234355,0.00176914674403103,0.00725065775165763,0.00747610418855506,0.00154786128341677,0.00712154355599137,0.0173452139705396,0.0521717090708601,0.059277778341484,0.0201862833961482,0.00132296389067776,0.0798255517213107,0.0942978257212827,0.000300905399099587,0.0168010802384006,0.0785478036404391,0.147868679038738,0.152600504917556,0.0140060107213528,0.207107649638573,0.216383862674537,0.0903871692444133,0.0374722896398839,0.0125224307692356,0.0226077266473449,0.25830077578569,0.0850853432140854,0.0151172660374481,0.0125805896963224,0.0254885691169351,0.0755646306105382,0.226348235310542,0.138275568185087,0.43369591176916,0.119644789665931,0.57710325473966,0.407377167991678,0.00459347307611658,0.0419507502135328,0.773407202117317,0.318622928690677,1.60331438848195,0.552275290804901,0.137883168391719,0.316385321482093,0.00327302045198728,0.22791222861757,0.0073733068688923,0.12811720363968,0.082677318352512,0.0160208345403515,0.00290295527516419,0.0215316564460249,0.0132495079404682,0.0315296753840151,0.137836832895447,0.0864753917639354,0.0114979997811578,0.0268752098893367,0.102557999816536,0.0025685005791621,0.156628881713557,0.208029836440648,0.188155438243898,0.754110381555751,0.0627283781001982,0.0880759315604583,0.0932488230218496,0.0200058360876069,0.0265705033069083,0.0777907228176603,0,0,0,0,0,0,0,0,0,0,0,0,0,0,0,0,0,0,0,0,0,0,0
0,0,0,0,0,0,0,0,0,0,0,0,0,0,0,0,0,0,0,0,0,0,0,0,0.214896172023709,0.0584921202213951,0.021701121714944,0.107144983029745,0.0783944966471574,0.0258551479555101,0.0666419561810796,0.011283895599224,0.0597620407357393,0.0226297929351036,0.000368762195378613,0.000649656630637206,0.022543406088254,0.00604897660732304,0.00741514232664985,0.0302873918936334,0.113667297875517,0.00415013241193086,0.0312692562158159,0.121507203121536,0.0275725213921219,0.0510779941510224,0.006090300222297,0.00822157018226554,0.116453071899305,0.31391615765848,0.211766422006266,0.186824590282058,0.00352447022961704,0.147460128608535,0.0632626769241712,0.0142043112065909,0.00849900267682512,0.000524348302912193,0.0149196655235507,0.118480784678407,0.0548213879706182,0.0240805272454591,0.0538103606394463,0.226767536556125,1.08801570079638,0.159891870336006,0.242442557311703,0.102207191201851,0.162173726885997,0.231146988187314,0.222055791436612,0.00480906744355778,0.137121924596281,0.610704264021581,0.169393560364332,0.783826784374382,0.112493235922656,0.119132175750074,0.0324937892525172,0.0327341830210837,0.00474300965537075,0.101122305730917,0.17528280806671,0.0150566952019033,0.015692063981602,0.119822879956986,0.0403165774153108,0.00354818539214602,0.186936433932227,0.0558352395222656,0.00247532782321769,0.0115943967361906,0.0294985152395228,0.0394954820491369,0.0764625457670317,0.259038435090715,0.0727279178218522,0.0607502623187595,0.132099470822576,0.0519497806775383,0.004730323264349,0.295676073030803,0.0199541233190924,0.148722462504948,0,0,0,0,0,0,0,0,0,0,0,0,0,0,0,0,0,0,0,0,0,0,0,0
0,0,0,0,0,0,0,0,0,0,0,0,0,0,0,0,0,0,0,0,0,0,0,0,0,0.0055160958225525,0.109909588573439,0.359409654962947,0.197107994166101,0.00123217327260119,0.00273691522673456,0.00117626670661258,0.0391568954247577,0.00691544483031561,0.00372799280536827,0.00477026216411379,0.00834544753262694,0.0117389567967956,0.0629817930878393,0.0118355626794371,0.0110311941075076,0.0468488193577326,0.0236021465226958,0.00250382845731272,0.00746299975394493,0.0440311125288497,0.0381124649564307,0.0181009282196139,0.0423731205815856,0.0769747345441527,0.13749979749097,0.10098674838794,0.12578771663941,0.010043005434868,0.023068053062975,0.02197564192664,0.00312197381344399,0.00109904711061605,0.00268041194710828,0.040035987122473,0.140831627090781,0.0229413976530167,0.0223706195863461,0.548677279593037,0.334780315589876,0.0858240237588228,0.0460830117860848,0.0422044564878611,0.133999681184665,0.0987240437472873,0.0783621947542308,0.0149525999987052,0.470308798935557,1.8447888036784,1.26399634472082,0.105732929151696,0.184263977324534,0.0185654404540405,0.00713784892206162,0.0192570473040885,0.0129938856071664,0.0232080476259777,0.0175927126754328,0.0313083794467272,0.0322170298405772,0.072088552811936,0.0382264132453072,0.0551797027844701,0.0794326568498934,0.0303265755998137,0.00415258561731591,0.0185160250266461,0.0348460642760652,0.0097175333103694,0.229612649564516,0.033406925055015,0.278364207414809,0.134360477182327,0.0965376981132331,0.0502357545850196,0.0910535221062333,0.0916673029080646,0.043354327097339,0,0,0,0,0,0,0,0,0,0,0,0,0,0,0,0,0,0,0,0,0,0,0,0,0
0,0,0,0,0,0,0,0,0,0,0,0,0,0,0,0,0,0,0,0,0,0,0,0,0,0,0.209225693118127,0.378499333302707,0.135547566311246,0.0126717249860255,0.0144428043078547,0.00180966187471102,0.00257045138424977,0.0114719653550655,0.00445578829013798,0.000236608918519789,0.0117792726379155,0.00705644153223264,0.00117652523650444,0.0439842428996009,0.0170483718854506,0.00517680201608423,0.0217749451892164,0.0223376146947272,0.0160218960917171,0.0461631982637561,0.0274864681456296,0.037974166632732,0.0263227517059808,0.0601523106464274,0.0288479241717732,0.0855420567154461,0.0566915503860848,0.00206951389337405,0.0132567380466463,0.0186533023144532,0.0167343259008861,0.0115356954610244,0.00336026069669488,0.0088526410398221,0.00142929626375024,0.00257043784169238,0.0188998609757892,0.00318638153993244,0.129073696418685,0.012884023492211,0.0204007778499863,0.0245765786806245,0.0506696234799848,0.209096803258354,0.17651250305038,0.021995219643426,0.243878824633269,0.635255598279876,0.0396034422019684,0.104790332745474,0.0257981543260069,0.0454396197868614,0.00864037481155299,0.00667931497397569,0.0140331209164516,0.00572779681133522,0.00166520384309729,0.0115942976953548,0.00608165440260993,0.00868494451515757,0.0155596650608744,0.0845074504963383,0.0486067461225467,0.0182587402653562,0.0100189504179916,0.00151485498137478,0.00421940407471999,0.0360398350930519,0.00416445022710515,0.0795656444939858,0.0597710570066724,0.0301649236183708,0.0268020227331102,0.00371668421127053,0.0172203533818749,0.0597621412913535,0,0,0,0,0,0,0,0,0,0,0,0,0,0,0,0,0,0,0,0,0,0,0,0,0,0
0,0,0,0,0,0,0,0,0,0,0,0,0,0,0,0,0,0,0,0,0,0,0,0,0,0,0,0.223952742602118,0.012494750682524,0.0139319385963228,0.00291905991367379,0.0095003773808645,0.0127321234575163,0.00552560095555593,0.000312090254243178,0.0257404329674926,0.0149118889922476,0.00265239726023514,0.0602958357934423,0.0579242502506422,0.0609820559370794,0.00499697338289934,0.0344124076778633,0.0171515181338837,0.0134365652019761,0.00799021255074666,0.0251005837825816,0.00462559645576597,0.0161470647977297,0.0291209327711484,0.00994949716246328,0.028028491772425,0.0153291140148137,0.0283672391481237,0.0394782038805669,0.0139467751813999,0.026723142980846,0.0143191514645627,0.0246819383315152,0.013809515240044,0.0337473402867001,0.00525031741934465,0.0794580495120776,0.10330575259155,0.00590610864993308,0.0120804697256032,0.0295961164978017,0.00845813602127253,0.214345754632936,0.267751671911469,0.0733300375493995,0.0212727848457567,0.183643978464864,0.103650795611596,0.0451221458593294,0.0192827304407481,0.00806794512896446,0.00964358808147669,0.0119406130143787,0.0179089910571187,0.00932623925445453,0.0151783613163449,0.0127987043963061,0.0537502892323844,0.00731097101154744,0.0272666173580888,0.0159380212727807,0.0427063502817214,0.0236382702427675,0.010654724371073,0.00156456413218918,0.0349239474723292,0.00963983695507124,0.0104059678915491,0.0896261632707249,0.08167415893358,0.188861182274876,0.0620555409908895,0.00673448500231958,0.0207955684773205,0.000320479048986679,0,0,0,0,0,0,0,0,0,0,0,0,0,0,0,0,0,0,0,0,0,0,0,0,0,0,0
0,0,0,0,0,0,0,0,0,0,0,0,0,0,0,0,0,0,0,0,0,0,0,0,0,0,0,0,0.0318718993037055,0.00167877088763487,0.00713980945921888,0.0423018352663836,0.0664824775120281,0.00120087794676015,0.0343089788714485,0.0714851643177248,0.0212924558470951,0.0332143847350923,0.0226963398555003,0.00396149424758349,0.0374918387994537,0.00723878769706022,0.00433692318565169,0.00589092683861909,0.000372884123182371,0.01193063775534,0.00345595376300271,0.00497281915429567,0.00679354483620625,0.0327360267562646,0.0177359090192937,0.0283702458203578,0.00328931634921646,0.0391558295695041,0.0490582719875039,0.00656405952021791,0.00431713692699801,0.0579142629467815,0.0060826370422155,0.00101733948453501,0.0534230171821189,0.0116518014210488,0.00610649294745902,0.00353529884056955,0.061216741365603,0.0894139663745781,0.0169375077908708,0.101273056949083,0.0705583154407272,0.371709246909984,0.449216686762707,0.0125974600507281,0.00278265115099038,0.0700261914829249,0.0158312694514367,0.0304958882124886,0.00262144175343002,0.0541727167419686,0.0107541515726945,0.00360132791074126,0.0175491333191752,0.0101546347380063,0.0460873576271246,0.0536104796785148,0.0206001094390741,0.0392427389991357,0.0135870447872862,0.0162528453193927,0.0484414466440839,3.44248644001228e-05,0.0324146600981377,0.0306255299237058,0.00566315874831301,0.026405712989983,0.0291631441889913,0.0324271424017391,0.0305510048530163,0.0208194708219458,0.0136506854442419,0.0226936167789092,0,0,0,0,0,0,0,0,0,0,0,0,0,0,0,0,0,0,0,0,0,0,0,0,0,0,0,0
0,0,0,0,0,0,0,0,0,0,0,0,0,0,0,0,0,0,0,0,0,0,0,0,0,0,0,0,0,0.00663233977011529,0.0234830009489127,0.0258833639554052,0.0209989899620272,0.0519112873208741,0.0715569429898769,0.0413035822232732,0.00425364845602049,0.00651696441534706,0.0034986928731601,0.0575582375829077,0.0612694386602319,0.0287845649592812,0.0276268142362515,0.00293944655415689,0.00165551440427979,0.00988133380192147,0.0106856078891178,0.00246118003212582,0.00655467024518308,0.00781672084903448,0.0217850422837764,0.00657182854598009,0.00165292853461668,0.00427241474455306,0.00925717028709051,0.0095644861589685,0.0213476703623421,0.00395084172535082,0.0102073133624607,0.000248605879584425,0.0726135276393948,0.00235191444756286,0.0139268509246275,0.0113871091712906,0.089923283740525,0.0393421115731356,0.0230967821326909,0.0106627686293415,0.0862999886724959,0.281261693035786,0.0234421720177554,0.0361026477427132,0.0185853585428223,0.00852783362002505,0.0455815704410987,0.00237901901430409,0.0140262153868101,0.0115367943712158,0.0170613291912191,0.00319172879412163,0.0257779674420606,0.0152432957191784,0.0171050914007983,0.0318409683880088,0.0392475194804397,0.00596991605669179,0.0163582978636141,0.0281980732956396,0.00101686735113431,0.0786238992439472,0.0430478383369881,0.0164609297029344,0.00756359822299414,0.0128901882054062,0.0175829506190732,0.00730030364348363,0.0377605232850914,0.0181295765967721,0.0136805690999189,0,0,0,0,0,0,0,0,0,0,0,0,0,0,0,0,0,0,0,0,0,0,0,0,0,0,0,0,0
0,0,0,0,0,0,0,0,0,0,0,0,0,0,0,0,0,0,0,0,0,0,0,0,0,0,0,0,0,0,0.0233383538336949,0.00258087823921716,0.0834861437379221,0.143971602638188,0.0463566093610728,0.010771955159608,0.0011258550979115,0.000742493106513472,0.00405110140483475,0.0338597253140298,0.0155027980740183,0.0374743063449667,0.0101603238980608,0.00432069385502679,0.00387185902560843,0.00161963895215844,0.00472481189503334,0.00999610420699142,0.00464387210898966,0.00400651382372896,0.00690313685596068,0.00653083825170262,0.00634833183874426,0.0266750910559733,0.00627308667380581,0.0152852558652761,0.0446460565218792,0.0118736087912345,0.0187130456731856,0.00754570620213086,0.0163569985471529,0.0140635030727152,0.0172375780228213,0.0358962377121721,0.00984065561263685,0.0249408344281131,0.0900653166824556,0.0356151642547123,0.0386401655992998,0.066187087913291,0.00745222391804516,0.045364469435766,0.0167335255983311,0.00235043552757623,0.00107859863189044,0.0146197719851734,0.0254614802986633,0.00281516979619725,0.00205470545124786,0.00736934675662573,0.00525290264004006,0.026840052611708,0.0766100757836151,0.0657104796716511,0.0119275827258219,0.0175823981228282,0.0520655416565624,0.0343814017621292,0.0415717112128302,0.0456155340652385,0.00682136025928175,0.0147610201718902,0.0163167457522061,0.0124193367070586,0.0127705917820225,0.0372113834510253,0.0336455134674852,0.0298030583560841,0,0,0,0,0,0,0,0,0,0,0,0,0,0,0,0,0,0,0,0,0,0,0,0,0,0,0,0,0,0
0,0,0,0,0,0,0,0,0,0,0,0,0,0,0,0,0,0,0,0,0,0,0,0,0,0,0,0,0,0,0,0.0674566752129712,0.273704169066428,0.195545900336869,0.0903560745427062,0.0350003856466989,0.00872265669309108,0.0332468468057953,0.0200654450186716,0.0325156010516489,0.00178912585703961,0.0081593927051957,0.000746481442902006,0.0036221414141494,0.0109177108154048,0.000846748394662572,0.0238367557990279,0.0174230772611983,0.00541007947243674,0.0055501182742335,0.029288308493441,0.00110978298259712,0.0235004226195203,0.00861304250072223,0.0142728903336469,0.107519669732145,0.25913883223366,0.114372100267688,0.000460958459038769,0.0729157382933882,0.00101225474274079,0.0214582910992264,0.00487291627264098,0.0145785116817276,0.0344961564243243,0.0213758844862853,0.0571425964264038,0.0150919630241793,0.017769770758594,0.0243638821889435,0.00373478061599249,0.0159289836578748,0.0158294589017529,0.0065247804661071,0.00680756672091299,0.00610088139401357,0.010378947844706,0.0159347286227419,0.00352750918219357,0.00486277342696503,0.0113263642366143,0.00399583001507807,0.0247350956310863,0.000745155078705436,0.00807141386557156,0.00229152212795931,0.0053031668297854,0.000349978653887356,0.00970767867009821,0.0003623465168071,0.00664463653725296,0.0284266486961376,0.00486243049596589,0.00728816246841789,0.0120425107827421,0.0357682107755707,0.0254144306812155,0,0,0,0,0,0,0,0,0,0,0,0,0,0,0,0,0,0,0,0,0,0,0,0,0,0,0,0,0,0,0
0,0,0,0,0,0,0,0,0,0,0,0,0,0,0,0,0,0,0,0,0,0,0,0,0,0,0,0,0,0,0,0,0.306185094838904,0.205996846024333,0.0598605088236383,0.0241027004427853,0.148895930554978,0.122856980506357,0.281707747911657,0.114614054409243,0.0852267560902128,0.00256831430191391,0.00278702618576284,0.00771975874365496,0.0109913120386872,0.0178302106142584,0.0378327491206325,0.0133117572655777,0.00696907042069688,0.0664968976918866,0.230480565323055,0.0940816220006489,0.00831391106119354,0.000366700927488046,0.00606069988116634,0.341132394962358,0.347645273912255,0.0148041582968476,0.271530994891449,0.149959922104819,0.0863054669138444,0.172950556631257,0.124454411716532,0.0590992256835437,0.1009815288849,0.356317157404218,0.190034924678429,0.066459075444266,0.0828267625456784,0.239202480823282,0.0149002663340598,0.0107617635611979,0.0565629390049879,0.216640838358644,0.070935945742387,0.102987688800805,0.0890998411225318,0.00149458222413109,0.000361370508692941,0.00798460621281728,0.0233848910491068,0.0425374715048284,0.00153825639994876,0.0973785129420604,0.0547061946302078,0.00309125307132299,0.00323670620749664,0.0251501050886128,0.0309716307627334,0.0409881772552571,0.0082794399192074,0.00261458826249691,0.0543276678946865,0.132363878825474,0.0459289425243769,0.0286307645510237,0,0,0,0,0,0,0,0,0,0,0,0,0,0,0,0,0,0,0,0,0,0,0,0,0,0,0,0,0,0,0,0
0,0,0,0,0,0,0,0,0,0,0,0,0,0,0,0,0,0,0,0,0,0,0,0,0,0,0,0,0,0,0,0,0,0.098927613651494,0.00674564494131111,0.0129137525562681,0.0551865995180423,0.112507228540196,0.0836219556662969,0.011916931044043,0.0297466161641507,0.0210970812011067,0.00124727464457143,0.026359571655588,0.0620154016295603,0.0188349409707366,0.0159125198571105,0.00624795659883942,0.0322422684962913,0.0286439207168403,0.0393490630955181,0.0688234060714749,0.0422037878068077,0.0348586202858942,0.0174593701745334,0.161894057009087,0.0251725173308856,0.0702853403054906,0.0559383796575294,0.000304378387719054,0.0267910415847794,0.0603254806632989,0.285293208274091,0.527106427599928,0.223860272192811,0.313197654930342,0.087838829747022,0.00664598109445399,0.183369239318053,0.0243236702627232,0.026382139228139,0.0293055796161242,0.106803489394989,0.296966898856741,0.00788137763365906,0.0156834076627398,0.0321377959227075,0.00361602639046343,0.019324281986437,0.0217290645342496,0.0338721296028812,0.0138462075919335,0.0612435986353762,0.0871072584887893,0.00784460510541854,0.0029850798987072,0.0323619866637812,0.00629180052488243,0.068284419419608,0.0145055907358149,0.00479927437067433,0.00911285390329809,0.0622630140344614,0.0235299713580842,0.0982110757723369,0,0,0,0,0,0,0,0,0,0,0,0,0,0,0,0,0,0,0,0,0,0,0,0,0,0,0,0,0,0,0,0,0
0,0,0,0,0,0,0,0,0,0,0,0,0,0,0,0,0,0,0,0,0,0,0,0,0,0,0,0,0,0,0,0,0,0,0.254893498595489,0.245927236104677,0.0028062689419718,0.140567013684663,0.0420069489028761,0.00289222354103976,0.0385847940168625,0.0135984072942098,0.00307563130984395,0.00297342441472229,0.0603309994297446,0.0364679330958811,0.0454796047199918,0.035036768152938,0.000494757224739624,0.00276371886881745,0.0647187383032682,0.0623132878405932,0.153745222079449,0.0616874953132357,0.0815037102912563,0.060478670689936,0.138657589741624,0.139985477000352,0.0132745402765345,0.0227845883353618,0.00578000976011901,0.143811984415407,0.472189466025557,0.424351725956498,0.161885673274517,0.177870362172021,0.102610982276511,0.000799945696667554,0.0103098100714558,0.0167177281800503,0.0844747126898844,0.0219237873457611,0.00123066824337091,0.0989679487819495,0.128932095351449,0.0647476636688676,0.000288356494624729,0.0106965943122902,0.0623021200324661,0.0366437699211769,0.0726623485910043,0.015053235967125,0.0110737446714148,0.0678304291553532,0.0235390633003666,0.0105346076069575,0.0322946730205772,0.00727280904282538,0.000569401116740353,0.064164310698292,0.0632317121995432,0.0294147075422977,0.00061167611530399,6.96391495302118e-05,0,0,0,0,0,0,0,0,0,0,0,0,0,0,0,0,0,0,0,0,0,0,0,0,0,0,0,0,0,0,0,0,0,0
0,0,0,0,0,0,0,0,0,0,0,0,0,0,0,0,0,0,0,0,0,0,0,0,0,0,0,0,0,0,0,0,0,0,0,0.605861665631715,0.0205488612393698,0.134907324993618,0.108905340399109,0.0302786395937861,0.0458405061224993,0.0925004735122032,0.0333174732840097,0.0434344035321915,0.0620766090986106,0.0183047798753432,0.0802644601905633,0.0212315888531252,0.0137056091709005,0.217594820347546,0.15547828721605,0.0184097895210372,0.000868218301836221,0.136027239825216,0.0600235164272155,0.0742253144813051,0.135850149220085,0.132912938252333,0.0249952188524109,3.96974118238575e-05,0.097693374128601,0.140950315740029,0.0873209515082316,0.0847554437482766,0.0810430676158784,0.0559371697658846,0.0230594477494708,0.00673336971419052,0.0282417077023532,0.143170882878857,0.223563207167452,0.0312442128907328,0.0544164004891175,0.0432915431336379,0.0369643963131464,0.0222698025930241,0.00784352823276953,0.0813712599598624,0.00778793747092364,0.0392092304802201,0.0156157810445407,0.0687583319293743,0.0712418703460766,0.00262639942271849,0.000728878848696714,0.0144398557336361,0.0398970013983402,0.0712832331786073,0.081485763387141,0.101367014446838,0.0131390791362254,0.0814040444399342,0.00254698717548907,0,0,0,0,0,0,0,0,0,0,0,0,0,0,0,0,0,0,0,0,0,0,0,0,0,0,0,0,0,0,0,0,0,0,0
0,0,0,0,0,0,0,0,0,0,0,0,0,0,0,0,0,0,0,0,0,0,0,0,0,0,0,0,0,0,0,0,0,0,0,0,0.00768457811281797,0.308468506529334,0.101346565186097,0.0230874800613105,0.0423764242465948,0.0462872976602967,0.0229940701968876,0.0307138981845492,0.0152706219447706,0.0276540827270189,0.0324045864519285,0.0294282104454375,0.0865677175837375,0.07832012768914,0.0354197818768068,0.00945660596252798,0.0148805831699803,0.0543316929194062,0.218845303551555,0.0746463411962756,0.134501680431788,0.0561109251346728,0.0381206579611505,0.0415422452232195,0.0113795619100065,0.0833697220300869,0.00894704783315249,0.00541251244593617,0.00558801650105329,0.00412303365679655,0.0235534110480678,0.0168072070013221,0.0465701864726824,0.0327812179783724,0.00646129396570648,0.0207561657807358,0.0136032135498909,0.0367349125891799,0.0023461285059729,0.0217042308412181,0.0240366878869005,0.0207154854018401,0.107785794663425,0.107602570007338,0.0495921936305448,0.0219030905991345,0.0873159357159972,0.185007374598157,0.0740226070567434,0.00211749096665839,0.0446144208753223,0.151370940963916,0.0953148235265253,0.101494619711873,0.0116106901173134,0.0762045288441074,0,0,0,0,0,0,0,0,0,0,0,0,0,0,0,0,0,0,0,0,0,0,0,0,0,0,0,0,0,0,0,0,0,0,0,0
0,0,0,0,0,0,0,0,0,0,0,0,0,0,0,0,0,0,0,0,0,0,0,0,0,0,0,0,0,0,0,0,0,0,0,0,0,0.186543580346428,0.0026303267372352,0.00151310586313819,0.0237404539683587,0.0189158322093202,0.00596167404339014,0.00714136521146984,0.00188619243051565,0.0217461318790288,0.0148366094925607,0.0298128456636076,0.0159109962703014,0.0427746735721007,0.00250035796285729,0.01613757839942,0.0352521306021698,0.116936843137048,0.170058711036228,0.0629918096714343,0.162773667331501,0.0476102613155926,0.159772523396887,0.0518102093661448,0.121603629236479,0.0748063083395792,0.0256930726756337,0.0178708786358478,0.0434130728713308,0.0521103211868322,0.00764199709331588,0.0515529762783139,0.0703595946568464,0.00908689408995285,0.0285980122074348,0.0291605437467714,0.00543695230837251,0.036759466413803,0.0578566073586747,0.0120574337631006,0.00239084796666353,0.0081712166181409,0.0641948396077409,0.165142823736388,0.0410402014948149,0.120243045990048,0.0853322114596951,0.210087147325946,0.0108699879895006,0.00451695127483238,0.186164154819926,0.0620242946395872,0.0360841372094089,0.00440292024770601,0.00553352763581584,0,0,0,0,0,0,0,0,0,0,0,0,0,0,0,0,0,0,0,0,0,0,0,0,0,0,0,0,0,0,0,0,0,0,0,0,0
0,0,0,0,0,0,0,0,0,0,0,0,0,0,0,0,0,0,0,0,0,0,0,0,0,0,0,0,0,0,0,0,0,0,0,0,0,0,0.0951640651155523,0.0154987548859249,0.00208905163961793,0.138764512120865,0.0193458625977982,0.000466425004132695,0.0753580039570569,0.0338711499629,0.0310388111456556,0.0281423293379679,0.00734486903310526,0.0961290044278378,0.0654020516564978,0.0400574175332564,0.0779324618789362,0.228172167042602,0.0119506928997097,0.00426583822272286,0.0161815180472895,0.0103032422741292,0.117685883087418,0.113373784138036,0.0509219036801254,0.127436847084662,0.00618684068420636,0.0334954632852403,0.00356107288859733,0.0416993879595895,0.175760795325353,0.100940309897665,0.0331416901441169,0.0601337918081709,0.0252799242570284,0.0290844412733473,0.0117926747429376,0.00615770300775904,0.0399341679112497,0.117489369040604,0.00487122266988846,0.00416681648752151,0.0214081319723862,0.0381825325648991,0.218618662347095,0.0993514161805478,0.0138413075988327,0.0462665165141449,0.00557770644613071,0.045632725082605,0.0279692174310117,0.042918431845635,0.0035359858504587,0.00208595755644651,0,0,0,0,0,0,0,0,0,0,0,0,0,0,0,0,0,0,0,0,0,0,0,0,0,0,0,0,0,0,0,0,0,0,0,0,0,0
0,0,0,0,0,0,0,0,0,0,0,0,0,0,0,0,0,0,0,0,0,0,0,0,0,0,0,0,0,0,0,0,0,0,0,0,0,0,0,0.135718915544207,0.232181212827893,0.0625236148966254,0.0930678525663592,0.0187426129265609,0.0339580277435682,0.0740876046089957,0.0897711117114418,0.0724689079402971,0.0305199981896744,0.100383980156322,0.0250451705643276,0.0950760971353251,0.164127436988924,0.0059497908673545,0.0102322749945064,0.167079381493938,0.00178279243244268,0.0265500787970301,0.0764908275477932,0.00246232607205073,0.0600514479334372,0.000411200968701226,0.0246323977205475,0.0265703001871217,0.0124798552280055,0.11259475394152,0.361223325985742,0.224350821378665,0.0174370344519079,0.0379903945751905,0.0583894163868433,0.117011249899926,0.0813548082141783,0.00081820569041653,0.113378114561534,0.0123500516360042,0.00671181219355751,0.0678987479565927,0.118346009783085,0.0485676477801377,0.0253151166669607,0.0487164082555641,0.00449613330121286,0.000900670974975807,0.0100435500520864,0.0622773559014744,0.00173931314089437,0.0583863645515221,0.0376965420528734,0,0,0,0,0,0,0,0,0,0,0,0,0,0,0,0,0,0,0,0,0,0,0,0,0,0,0,0,0,0,0,0,0,0,0,0,0,0,0
0,0,0,0,0,0,0,0,0,0,0,0,0,0,0,0,0,0,0,0,0,0,0,0,0,0,0,0,0,0,0,0,0,0,0,0,0,0,0,0,0.125996402332813,0.179926624073422,0.0256039148991101,0.00548112836984638,0.043540741966522,0.0774305714926495,0.0270453507777534,0.0142352062434913,0.033286797493151,0.0173397952773686,0.0366107046562381,0.0320218371795415,0.0110858029548401,0.180224418973194,0.0129313356864317,0.0178144715658533,0.0898093185842526,0.13940130293952,0.108645203828881,0.0247050187173948,0.0162855820397949,0.0562718382201326,0.219702144313291,0.124935181400724,0.0361602500567677,0.134407913723689,0.180219157877114,0.07359903008813,0.00831139505792895,0.0822354021846334,0.00128827380450065,0.150664377474619,0.135272280761909,0.00199810088417309,0.00135555756904495,0.0277809598147941,0.0491129632939145,0.0403969622178049,0.0954866263623322,0.00527218926800521,0.0114447167137066,0.0615352761943295,0.0186484773406957,0.0160269149443983,0.0306864813748535,0.00287368437361703,0.00393226369734884,0.180076185561773,0,0,0,0,0,0,0,0,0,0,0,0,0,0,0,0,0,0,0,0,0,0,0,0,0,0,0,0,0,0,0,0,0,0,0,0,0,0,0,0
0,0,0,0,0,0,0,0,0,0,0,0,0,0,0,0,0,0,0,0,0,0,0,0,0,0,0,0,0,0,0,0,0,0,0,0,0,0,0,0,0,0.182701591229589,0.0246322951145793,0.0072603721708172,0.0357850648047974,0.0222619339794879,0.0605098380255338,0.0100136038122572,0.0229376276848477,0.000481200704158983,0.00349271250568559,0.00240409743363119,0.0265888293104724,0.0433727750723464,0.0398471198968813,0.0679355948413504,0.0953888311964123,0.102561524866558,0.0195263971884549,0.0106666980501207,0.154941600336586,0.114985400486793,0.0165946163715315,0.00118218789347238,0.0329911143543028,0.0364285178882641,0.0383851478549037,0.00447771551263831,0.0456180325894155,0.0312583795402247,0.0111518585257372,0.00405387012250966,0.000655986993211144,0.0289972636889973,0.0182788560876118,0.0179000876792911,0.0136730242106573,0.0176182631565435,0.047838732705079,0.0153582982313146,0.052961475094751,0.0682201433876574,0.0568637203238484,0.00703905619723092,0.07893338699624,0.0610306040320448,0.0725730282844209,0,0,0,0,0,0,0,0,0,0,0,0,0,0,0,0,0,0,0,0,0,0,0,0,0,0,0,0,0,0,0,0,0,0,0,0,0,0,0,0,0
0,0,0,0,0,0,0,0,0,0,0,0,0,0,0,0,0,0,0,0,0,0,0,0,0,0,0,0,0,0,0,0,0,0,0,0,0,0,0,0,0,0,0.019047727945963,0.0102914540437154,0.0252968359595602,0.00170288690317605,0.00718613200915941,0.00322339073930171,0.0178409028998263,0.0180655130719411,0.00526977224490151,0.138545241695382,0.0652947511582551,0.000920887218011191,0.0282411745132669,0.0984700078532322,0.0383026747004313,0.0584600051661695,0.105662916094274,0.0415860154883183,0.121745867299125,0.00552851895195978,0.00123325680984936,0.0363480589512323,0.0241080216533557,0.000120155248327571,0.0141950777266246,0.0697070009402693,0.00573621499045502,0.0365301063209458,0.00250060664532215,0.0123217128321327,0.0188157903478158,0.039428770299509,0.0409940442064506,0.0234886951574581,0.0103985926473463,0.0345042250051044,0.0844369582091651,0.00434585699523797,0.000915917264257155,0.031357738870385,0.00350193211726591,0.00401435958122166,0.00208082199240204,0.0102142578521119,0,0,0,0,0,0,0,0,0,0,0,0,0,0,0,0,0,0,0,0,0,0,0,0,0,0,0,0,0,0,0,0,0,0,0,0,0,0,0,0,0,0
0,0,0,0,0,0,0,0,0,0,0,0,0,0,0,0,0,0,0,0,0,0,0,0,0,0,0,0,0,0,0,0,0,0,0,0,0,0,0,0,0,0,0,0.00422030613870763,0.0578064491593059,0.0335517998355302,0.0303770413714916,0.0063062691631628,0.0177064199033697,0.0150533484560909,0.0495159164443699,0.072610927896582,0.00429214895324496,0.013399602900645,0.0260178330837147,0.101167716049997,0.0226275712218914,0.0167573250974968,0.0366569175567968,0.0969219338467825,0.0105129860892547,0.00634449332416263,0.0223717258567625,0.00523995227890338,0.00753636958140966,0.00735280061841894,0.12590055719851,0.0289130096878724,0.0231647263690316,0.0519404518179378,0.0199038329167365,0.0431980143555375,0.0457863871644835,0.0618254817564951,0.0131405188908397,0.0564749803299752,0.029670704254092,0.00637251888584943,0.00201083034438485,0.00597468653675041,0.0132473730607523,0.0133380940602572,0.0255394897966742,0.0239333773288057,0.0247877914968899,0,0,0,0,0,0,0,0,0,0,0,0,0,0,0,0,0,0,0,0,0,0,0,0,0,0,0,0,0,0,0,0,0,0,0,0,0,0,0,0,0,0,0
0,0,0,0,0,0,0,0,0,0,0,0,0,0,0,0,0,0,0,0,0,0,0,0,0,0,0,0,0,0,0,0,0,0,0,0,0,0,0,0,0,0,0,0,0.113864498556483,0.0733879686617074,0.0804284905129313,0.0109940165840974,0.000547983639267416,0.0430933116712944,0.0404503879121932,0.00268367872554075,0.0041761644893394,0.0723543495697842,0.012921804792526,0.0174339303555537,0.00660175995188839,0.0248981226444735,0.0970265469150341,0.0960093660589398,0.0172664072235874,0.0355002300351922,0.0391766020675527,0.00226763808675069,0.0106482211278441,0.0408404756587011,0.00453392923042258,0.00405977341641418,0.0124740120921245,0.0737851415033224,0.0128342560121474,0.00136787636615432,0.0200427326229343,0.00793912430708723,0.088985372637596,0.0415126202764834,0.00176855451872483,0.0267808454275258,0.0452918416357822,0.0131200174014388,0.0208686738214229,0.00710782399811871,0.00916956650692272,0.00694008801715608,0,0,0,0,0,0,0,0,0,0,0,0,0,0,0,0,0,0,0,0,0,0,0,0,0,0,0,0,0,0,0,0,0,0,0,0,0,0,0,0,0,0,0,0
0,0,0,0,0,0,0,0,0,0,0,0,0,0,0,0,0,0,0,0,0,0,0,0,0,0,0,0,0,0,0,0,0,0,0,0,0,0,0,0,0,0,0,0,0,0.0332757826137846,0.00564011139778997,0.0146295371456505,0.0221547429186774,0.0350027956599714,0.00261986875753354,0.0194735421078128,0.0275420504529094,0.0706288919667924,0.0400667922304195,0.0613446632052524,0.00346151765954721,0.0597285669555721,0.0177878100258654,0.00538655835387878,0.0293900323208593,0.0858942529430392,0.0840856603479967,0.00167161504126131,0.035785010405724,0.0166622545182449,0.016449122765705,0.00364368281988761,0.0217949210490688,0.0386614144859649,0.0162751521821917,0.00348381950782434,0.0140123474276073,0.0417461457538935,0.0190809097716703,0.0143345451104647,0.000766049668176633,0.0128225236818074,0.00567500118389947,0.00677007966192701,0.0175068578839918,0.0213491432736892,0.00835734611795131,0,0,0,0,0,0,0,0,0,0,0,0,0,0,0,0,0,0,0,0,0,0,0,0,0,0,0,0,0,0,0,0,0,0,0,0,0,0,0,0,0,0,0,0,0
0,0,0,0,0,0,0,0,0,0,0,0,0,0,0,0,0,0,0,0,0,0,0,0,0,0,0,0,0,0,0,0,0,0,0,0,0,0,0,0,0,0,0,0,0,0,0.0253336414637426,0.00678108258748572,0.00454519104697592,0.0049939808296461,0.0398970907350727,0.0735977571375499,0.0601611111515291,0.0752922631395511,0.0204981185861011,0.0498439103089886,0.0225434571276291,0.053206319949946,0.0646942244169015,0.0151565669869484,0.00601029167148242,0.0221558871426561,0.0175878647218361,0.00444610684306516,0.0550224415682411,0.0166097896228341,0.033352830940788,0.0068826274265013,0.0304756125597374,0.0847763910579487,0.0455782125480249,0.0428232516193869,0.0888616116853277,0.017635056823986,0.0520722654641711,0.0399304605253925,0.000289149588797118,0.00242025864045745,0.0229328859800676,0.0241384741305114,0.0250247143637962,0.0128278416485544,0,0,0,0,0,0,0,0,0,0,0,0,0,0,0,0,0,0,0,0,0,0,0,0,0,0,0,0,0,0,0,0,0,0,0,0,0,0,0,0,0,0,0,0,0,0
0,0,0,0,0,0,0,0,0,0,0,0,0,0,0,0,0,0,0,0,0,0,0,0,0,0,0,0,0,0,0,0,0,0,0,0,0,0,0,0,0,0,0,0,0,0,0,0.00437847405252245,0.0493444229068462,0.0136819112104981,0.0484875534752837,0.0521825010598056,0.0500652713417746,0.0103499668219588,0.0962077696935922,0.0671850861634597,0.0257387973022682,0.0772705388589367,0.0151234191348829,0.0508302556311322,0.00727175821364093,0.0130176886280352,0.044530502725415,0.0404180692177289,0.00302705364280554,0.0186641368792949,0.00673168504524285,0.00261506490848947,0.0531154616479394,0.0570641118069562,0.00475969040998902,0.0201585428723383,0.0359040182646028,0.0482299480445845,0.102855925069627,0.0505017018802028,0.00282010761784469,0.00820882370405844,0.0069776601858489,0.0216584933722686,0.00058515363930571,0,0,0,0,0,0,0,0,0,0,0,0,0,0,0,0,0,0,0,0,0,0,0,0,0,0,0,0,0,0,0,0,0,0,0,0,0,0,0,0,0,0,0,0,0,0,0
0,0,0,0,0,0,0,0,0,0,0,0,0,0,0,0,0,0,0,0,0,0,0,0,0,0,0,0,0,0,0,0,0,0,0,0,0,0,0,0,0,0,0,0,0,0,0,0,0.104098109832232,0.153463057161173,0.13470584726979,0.0351850490362432,0.00679610434872019,0.177496763405408,0.0178885501368474,0.0299702177690377,0.120083962662498,0.0485742659444142,0.0118379558106244,0.0124667023909405,0.024972717555627,0.0263923808700166,0.0435533531480647,0.0354368236377314,0.0493467878283103,0.0220748073767401,0.0232756756997378,0.0176590450611317,0.0321930408027163,0.0662864750638123,0.0198516399936003,0.00116313949689728,0.0369014160098158,0.0143872029952804,0.0225589056222493,0.00115970590998394,0.0217874721619051,0.00731542655667408,0.000203528115919418,0.00160746769196993,0,0,0,0,0,0,0,0,0,0,0,0,0,0,0,0,0,0,0,0,0,0,0,0,0,0,0,0,0,0,0,0,0,0,0,0,0,0,0,0,0,0,0,0,0,0,0,0
0,0,0,0,0,0,0,0,0,0,0,0,0,0,0,0,0,0,0,0,0,0,0,0,0,0,0,0,0,0,0,0,0,0,0,0,0,0,0,0,0,0,0,0,0,0,0,0,0,0.261416221880819,0.0389581004880752,0.0192258923384739,0.0856600413774514,0.0946031246130195,0.0436741013027404,0.180314906268971,0.0243977659863506,0.0371229277679836,0.049166616861109,0.0938196823272723,0.0408604399076101,0.122361294376384,0.0113546578376468,0.0368561811195273,0.0887238423194546,0.028977108704287,0.0247373354125599,0.0514269706440984,0.084055694515301,0.0539440083443401,0.138674135267739,0.0180226641908242,0.0553964741271316,0.0119873199088573,0.0253178168312394,0.0736661098553063,0.151651808210003,0.0557004432897631,0.0504980439251497,0,0,0,0,0,0,0,0,0,0,0,0,0,0,0,0,0,0,0,0,0,0,0,0,0,0,0,0,0,0,0,0,0,0,0,0,0,0,0,0,0,0,0,0,0,0,0,0,0
0,0,0,0,0,0,0,0,0,0,0,0,0,0,0,0,0,0,0,0,0,0,0,0,0,0,0,0,0,0,0,0,0,0,0,0,0,0,0,0,0,0,0,0,0,0,0,0,0,0,0.0615651623323026,0.0572888061023685,0.0942720015760531,0.000274109200619844,0.134478788827483,0.475676056749932,0.0300987791501492,0.0395745662976509,0.16505224472386,0.0303338822427956,0.0138933494217136,0.22109476223656,0.339870603238301,0.0431957582977451,0.00263949281739017,0.0423079475381466,0.0449261556197398,0.0712491464709353,0.054788186092835,0.087571794321229,0.105649583504846,0.000383828890063338,0.080006984675737,0.0110694548839433,0.0571038703774494,0.075763011521763,0.0721110710490015,0.147859550351497,0,0,0,0,0,0,0,0,0,0,0,0,0,0,0,0,0,0,0,0,0,0,0,0,0,0,0,0,0,0,0,0,0,0,0,0,0,0,0,0,0,0,0,0,0,0,0,0,0,0
0,0,0,0,0,0,0,0,0,0,0,0,0,0,0,0,0,0,0,0,0,0,0,0,0,0,0,0,0,0,0,0,0,0,0,0,0,0,0,0,0,0,0,0,0,0,0,0,0,0,0,0.0331305976509905,0.0170983993574682,0.0546841085595082,0.0958944564004429,0.169528797277358,0.101052074856382,0.0119484588599536,0.104241278409631,0.330389638625668,0.158970660600195,0.525940691158908,0.231136845857297,0.0571135404246985,0.101195729064905,0.157081272695416,0.0579376157876157,0.0319255738217331,0.072119401537889,0.0928800453746947,0.0489628064938132,0.0360772845507746,0.00593085315107647,0.0523982672884725,0.0534926246446675,0.00749216254227925,0.0294556713049971,0,0,0,0,0,0,0,0,0,0,0,0,0,0,0,0,0,0,0,0,0,0,0,0,0,0,0,0,0,0,0,0,0,0,0,0,0,0,0,0,0,0,0,0,0,0,0,0,0,0,0
0,0,0,0,0,0,0,0,0,0,0,0,0,0,0,0,0,0,0,0,0,0,0,0,0,0,0,0,0,0,0,0,0,0,0,0,0,0,0,0,0,0,0,0,0,0,0,0,0,0,0,0,0.280198327919284,0.0657680064630093,0.0410465169627507,0.00298789621635212,0.0126403018265072,0.0275638488677984,0.186476034956052,0.126878868585582,0.0575772454157787,0.104113547285139,0.16449876903945,0.0724352671748587,0.0718589334958384,0.041233639220259,0.100417560086836,0.0153876294955269,0.0820739146559284,0.0228622377263204,0.106157816209117,0.114522379698161,0.0489761068259077,0.0392661525703056,0.00701027422515166,0.00438120657764974,0,0,0,0,0,0,0,0,0,0,0,0,0,0,0,0,0,0,0,0,0,0,0,0,0,0,0,0,0,0,0,0,0,0,0,0,0,0,0,0,0,0,0,0,0,0,0,0,0,0,0,0
0,0,0,0,0,0,0,0,0,0,0,0,0,0,0,0,0,0,0,0,0,0,0,0,0,0,0,0,0,0,0,0,0,0,0,0,0,0,0,0,0,0,0,0,0,0,0,0,0,0,0,0,0,0.0914509221971603,0.0462243124460778,0.00433379772547358,0.146294575287011,0.452135476498224,0.664192612760829,0.43572796377348,0.0684020547762602,0.050052537901374,0.167675837035337,0.0319284056447147,0.215410248945982,0.0172184439780229,0.0160566244977808,0.0700754147665836,0.0036778140649722,0.0306702741243795,0.0487090948312649,0.0285015836091978,0.0053815208927507,0.0173590966523768,0.0777782751500451,0,0,0,0,0,0,0,0,0,0,0,0,0,0,0,0,0,0,0,0,0,0,0,0,0,0,0,0,0,0,0,0,0,0,0,0,0,0,0,0,0,0,0,0,0,0,0,0,0,0,0,0,0
0,0,0,0,0,0,0,0,0,0,0,0,0,0,0,0,0,0,0,0,0,0,0,0,0,0,0,0,0,0,0,0,0,0,0,0,0,0,0,0,0,0,0,0,0,0,0,0,0,0,0,0,0,0,0.0386851226916224,0.297471701806837,0.16706840574702,0.00754155725160526,0.431004148096544,0.0532177674362754,0.0223996965924073,0.183205498893643,0.188383626724172,0.00378165856506359,0.00607606462953892,0.00902544863138739,0.000408279173338459,0.145765597830189,0.0458088180227321,0.0181988662451641,0.0553004908424609,0.131778583743951,0.0279866262411262,0.17845148794732,0,0,0,0,0,0,0,0,0,0,0,0,0,0,0,0,0,0,0,0,0,0,0,0,0,0,0,0,0,0,0,0,0,0,0,0,0,0,0,0,0,0,0,0,0,0,0,0,0,0,0,0,0,0
0,0,0,0,0,0,0,0,0,0,0,0,0,0,0,0,0,0,0,0,0,0,0,0,0,0,0,0,0,0,0,0,0,0,0,0,0,0,0,0,0,0,0,0,0,0,0,0,0,0,0,0,0,0,0,1.1082756553867,0.0756821096986336,0.408458468716599,0.44223901193935,0.183994333767481,0.235349935296372,0.0316642804239152,0.212001902360287,0.00129365027669362,0.0115031331995073,0.218443035432927,0.0609643448385377,0.0294240109811923,0.137584706489005,0.123480079969394,0.0334871019028317,0.022614263634221,0.0765815739075104,0,0,0,0,0,0,0,0,0,0,0,0,0,0,0,0,0,0,0,0,0,0,0,0,0,0,0,0,0,0,0,0,0,0,0,0,0,0,0,0,0,0,0,0,0,0,0,0,0,0,0,0,0,0,0
0,0,0,0,0,0,0,0,0,0,0,0,0,0,0,0,0,0,0,0,0,0,0,0,0,0,0,0,0,0,0,0,0,0,0,0,0,0,0,0,0,0,0,0,0,0,0,0,0,0,0,0,0,0,0,0,0.218569719223232,0.431851227811971,0.106829036276763,0.0844423237122545,0.409298735355219,0.00128256935338218,0.0697988868931053,0.206553667010112,0.0140660584366988,0.029838613571024,0.103490951753632,0.00193547525423145,0.0175423134494652,0.275567372002577,0.0194418491805289,0.113535438645521,0,0,0,0,0,0,0,0,0,0,0,0,0,0,0,0,0,0,0,0,0,0,0,0,0,0,0,0,0,0,0,0,0,0,0,0,0,0,0,0,0,0,0,0,0,0,0,0,0,0,0,0,0,0,0,0
0,0,0,0,0,0,0,0,0,0,0,0,0,0,0,0,0,0,0,0,0,0,0,0,0,0,0,0,0,0,0,0,0,0,0,0,0,0,0,0,0,0,0,0,0,0,0,0,0,0,0,0,0,0,0,0,0,0.638383605774695,0.111668292034508,0.13352305052187,0.327708116979676,0.18198818540657,0.0725256084411247,0.0520087739099614,0.0238202899349556,0.0282328257408894,0.0351952252482974,0.0161317434615802,0.13235431805522,0.0853897115054167,0.239267057403081,0,0,0,0,0,0,0,0,0,0,0,0,0,0,0,0,0,0,0,0,0,0,0,0,0,0,0,0,0,0,0,0,0,0,0,0,0,0,0,0,0,0,0,0,0,0,0,0,0,0,0,0,0,0,0,0,0
0,0,0,0,0,0,0,0,0,0,0,0,0,0,0,0,0,0,0,0,0,0,0,0,0,0,0,0,0,0,0,0,0,0,0,0,0,0,0,0,0,0,0,0,0,0,0,0,0,0,0,0,0,0,0,0,0,0,0.163902014924889,0.324787619068758,0.322046032480891,0.0172322949303253,0.194994392260218,0.0190256339055877,0.0122141641563442,0.000510845186555204,0.0343296799997361,0.0524450686795334,0.0949658916757064,0.415982272792557,0,0,0,0,0,0,0,0,0,0,0,0,0,0,0,0,0,0,0,0,0,0,0,0,0,0,0,0,0,0,0,0,0,0,0,0,0,0,0,0,0,0,0,0,0,0,0,0,0,0,0,0,0,0,0,0,0,0
0,0,0,0,0,0,0,0,0,0,0,0,0,0,0,0,0,0,0,0,0,0,0,0,0,0,0,0,0,0,0,0,0,0,0,0,0,0,0,0,0,0,0,0,0,0,0,0,0,0,0,0,0,0,0,0,0,0,0,0.0455026415283704,0.162853411853767,0.15348621457984,0.0238839079914228,0.0282958645741977,0.0912382866964495,0.0852173814712787,0.111879109640546,0.00493247515070817,0.172223836555023,0,0,0,0,0,0,0,0,0,0,0,0,0,0,0,0,0,0,0,0,0,0,0,0,0,0,0,0,0,0,0,0,0,0,0,0,0,0,0,0,0,0,0,0,0,0,0,0,0,0,0,0,0,0,0,0,0,0,0
0,0,0,0,0,0,0,0,0,0,0,0,0,0,0,0,0,0,0,0,0,0,0,0,0,0,0,0,0,0,0,0,0,0,0,0,0,0,0,0,0,0,0,0,0,0,0,0,0,0,0,0,0,0,0,0,0,0,0,0,0.335969770052186,0.406977869095663,0.158545529445675,0.297260164459361,0.279155275725362,0.0647270494407323,0.209011776098543,0.367072290543261,0,0,0,0,0,0,0,0,0,0,0,0,0,0,0,0,0,0,0,0,0,0,0,0,0,0,0,0,0,0,0,0,0,0,0,0,0,0,0,0,0,0,0,0,0,0,0,0,0,0,0,0,0,0,0,0,0,0,0,0
0,0,0,0,0,0,0,0,0,0,0,0,0,0,0,0,0,0,0,0,0,0,0,0,0,0,0,0,0,0,0,0,0,0,0,0,0,0,0,0,0,0,0,0,0,0,0,0,0,0,0,0,0,0,0,0,0,0,0,0,0,0.0250608948282311,0.665081585675383,0.247296917641718,0.0638265900298797,0.0361762851038175,0.12008625041485,0,0,0,0,0,0,0,0,0,0,0,0,0,0,0,0,0,0,0,0,0,0,0,0,0,0,0,0,0,0,0,0,0,0,0,0,0,0,0,0,0,0,0,0,0,0,0,0,0,0,0,0,0,0,0,0,0,0,0,0,0
0,0,0,0,0,0,0,0,0,0,0,0,0,0,0,0,0,0,0,0,0,0,0,0,0,0,0,0,0,0,0,0,0,0,0,0,0,0,0,0,0,0,0,0,0,0,0,0,0,0,0,0,0,0,0,0,0,0,0,0,0,0,0.354355261506516,0.369160492235837,0.0651087313457304,0.28323258890978,0,0,0,0,0,0,0,0,0,0,0,0,0,0,0,0,0,0,0,0,0,0,0,0,0,0,0,0,0,0,0,0,0,0,0,0,0,0,0,0,0,0,0,0,0,0,0,0,0,0,0,0,0,0,0,0,0,0,0,0,0,0
0,0,0,0,0,0,0,0,0,0,0,0,0,0,0,0,0,0,0,0,0,0,0,0,0,0,0,0,0,0,0,0,0,0,0,0,0,0,0,0,0,0,0,0,0,0,0,0,0,0,0,0,0,0,0,0,0,0,0,0,0,0,0,0.731006035094417,1.86274120678933,0,0,0,0,0,0,0,0,0,0,0,0,0,0,0,0,0,0,0,0,0,0,0,0,0,0,0,0,0,0,0,0,0,0,0,0,0,0,0,0,0,0,0,0,0,0,0,0,0,0,0,0,0,0,0,0,0,0,0,0,0,0,0
0,0,0,0,0,0,0,0,0,0,0,0,0,0,0,0,0,0,0,0,0,0,0,0,0,0,0,0,0,0,0,0,0,0,0,0,0,0,0,0,0,0,0,0,0,0,0,0,0,0,0,0,0,0,0,0,0,0,0,0,0,0,0,0,0,0,0,0,0,0,0,0,0,0,0,0,0,0,0,0,0,0,0,0,0,0,0,0,0,0,0,0,0,0,0,0,0,0,0,0,0,0,0,0,0,0,0,0,0,0,0,0,0,0,0,0,0,0,0,0,0,0,0,0,0,0,0,0
0,0,0,0,0,0,0,0,0,0,0,0,0,0,0,0,0,0,0,0,0,0,0,0,0,0,0,0,0,0,0,0,0,0,0,0,0,0,0,0,0,0,0,0,0,0,0,0,0,0,0,0,0,0,0,0,0,0,0,0,0,0,0,0,0,0,0,0,0,0,0,0,0,0,0,0,0,0,0,0,0,0,0,0,0,0,0,0,0,0,0,0,0,0,0,0,0,0,0,0,0,0,0,0,0,0,0,0,0,0,0,0,0,0,0,0,0,0,0,0,0,0,0,0,0,0,0,0
0,0,0,0,0,0,0,0,0,0,0,0,0,0,0,0,0,0,0,0,0,0,0,0,0,0,0,0,0,0,0,0,0,0,0,0,0,0,0,0,0,0,0,0,0,0,0,0,0,0,0,0,0,0,0,0,0,0,0,0,0,0,0,0,0,0,0,0,0,0,0,0,0,0,0,0,0,0,0,0,0,0,0,0,0,0,0,0,0,0,0,0,0,0,0,0,0,0,0,0,0,0,0,0,0,0,0,0,0,0,0,0,0,0,0,0,0,0,0,0,0,0,0,0,0,0,0,0
0,0,0,0,0,0,0,0,0,0,0,0,0,0,0,0,0,0,0,0,0,0,0,0,0,0,0,0,0,0,0,0,0,0,0,0,0,0,0,0,0,0,0,0,0,0,0,0,0,0,0,0,0,0,0,0,0,0,0,0,0,0,0,0,0,0,0,0,0,0,0,0,0,0,0,0,0,0,0,0,0,0,0,0,0,0,0,0,0,0,0,0,0,0,0,0,0,0,0,0,0,0,0,0,0,0,0,0,0,0,0,0,0,0,0,0,0,0,0,0,0,0,0,0,0,0,0,0
0,0,0,0,0,0,0,0,0,0,0,0,0,0,0,0,0,0,0,0,0,0,0,0,0,0,0,0,0,0,0,0,0,0,0,0,0,0,0,0,0,0,0,0,0,0,0,0,0,0,0,0,0,0,0,0,0,0,0,0,0,0,0,0,0,0,0,0,0,0,0,0,0,0,0,0,0,0,0,0,0,0,0,0,0,0,0,0,0,0,0,0,0,0,0,0,0,0,0,0,0,0,0,0,0,0,0,0,0,0,0,0,0,0,0,0,0,0,0,0,0,0,0,0,0,0,0,0
0,0,0,0,0,0,0,0,0,0,0,0,0,0,0,0,0,0,0,0,0,0,0,0,0,0,0,0,0,0,0,0,0,0,0,0,0,0,0,0,0,0,0,0,0,0,0,0,0,0,0,0,0,0,0,0,0,0,0,0,0,0,0,0,0,0,0,0,0,0,0,0,0,0,0,0,0,0,0,0,0,0,0,0,0,0,0,0,0,0,0,0,0,0,0,0,0,0,0,0,0,0,0,0,0,0,0,0,0,0,0,0,0,0,0,0,0,0,0,0,0,0,0,0,0,0,0,0
0,0,0,0,0,0,0,0,0,0,0,0,0,0,0,0,0,0,0,0,0,0,0,0,0,0,0,0,0,0,0,0,0,0,0,0,0,0,0,0,0,0,0,0,0,0,0,0,0,0,0,0,0,0,0,0,0,0,0,0,0,0,0,0,0,0,0,0,0,0,0,0,0,0,0,0,0,0,0,0,0,0,0,0,0,0,0,0,0,0,0,0,0,0,0,0,0,0,0,0,0,0,0,0,0,0,0,0,0,0,0,0,0,0,0,0,0,0,0,0,0,0,0,0,0,0,0,0
0,0,0,0,0,0,0,0,0,0,0,0,0,0,0,0,0,0,0,0,0,0,0,0,0,0,0,0,0,0,0,0,0,0,0,0,0,0,0,0,0,0,0,0,0,0,0,0,0,0,0,0,0,0,0,0,0,0,0,0,0,0,0,0,0,0,0,0,0,0,0,0,0,0,0,0,0,0,0,0,0,0,0,0,0,0,0,0,0,0,0,0,0,0,0,0,0,0,0,0,0,0,0,0,0,0,0,0,0,0,0,0,0,0,0,0,0,0,0,0,0,0,0,0,0,0,0,0
0,0,0,0,0,0,0,0,0,0,0,0,0,0,0,0,0,0,0,0,0,0,0,0,0,0,0,0,0,0,0,0,0,0,0,0,0,0,0,0,0,0,0,0,0,0,0,0,0,0,0,0,0,0,0,0,0,0,0,0,0,0,0,0,0,0,0,0,0,0,0,0,0,0,0,0,0,0,0,0,0,0,0,0,0,0,0,0,0,0,0,0,0,0,0,0,0,0,0,0,0,0,0,0,0,0,0,0,0,0,0,0,0,0,0,0,0,0,0,0,0,0,0,0,0,0,0,0
0,0,0,0,0,0,0,0,0,0,0,0,0,0,0,0,0,0,0,0,0,0,0,0,0,0,0,0,0,0,0,0,0,0,0,0,0,0,0,0,0,0,0,0,0,0,0,0,0,0,0,0,0,0,0,0,0,0,0,0,0,0,0,0,0,0,0,0,0,0,0,0,0,0,0,0,0,0,0,0,0,0,0,0,0,0,0,0,0,0,0,0,0,0,0,0,0,0,0,0,0,0,0,0,0,0,0,0,0,0,0,0,0,0,0,0,0,0,0,0,0,0,0,0,0,0,0,0
0,0,0,0,0,0,0,0,0,0,0,0,0,0,0,0,0,0,0,0,0,0,0,0,0,0,0,0,0,0,0,0,0,0,0,0,0,0,0,0,0,0,0,0,0,0,0,0,0,0,0,0,0,0,0,0,0,0,0,0,0,0,0,0,0,0,0,0,0,0,0,0,0,0,0,0,0,0,0,0,0,0,0,0,0,0,0,0,0,0,0,0,0,0,0,0,0,0,0,0,0,0,0,0,0,0,0,0,0,0,0,0,0,0,0,0,0,0,0,0,0,0,0,0,0,0,0,0
0,0,0,0,0,0,0,0,0,0,0,0,0,0,0,0,0,0,0,0,0,0,0,0,0,0,0,0,0,0,0,0,0,0,0,0,0,0,0,0,0,0,0,0,0,0,0,0,0,0,0,0,0,0,0,0,0,0,0,0,0,0,0,0,0,0,0,0,0,0,0,0,0,0,0,0,0,0,0,0,0,0,0,0,0,0,0,0,0,0,0,0,0,0,0,0,0,0,0,0,0,0,0,0,0,0,0,0,0,0,0,0,0,0,0,0,0,0,0,0,0,0,0,0,0,0,0,0
0,0,0,0,0,0,0,0,0,0,0,0,0,0,0,0,0,0,0,0,0,0,0,0,0,0,0,0,0,0,0,0,0,0,0,0,0,0,0,0,0,0,0,0,0,0,0,0,0,0,0,0,0,0,0,0,0,0,0,0,0,0,0,0,0,0,0,0,0,0,0,0,0,0,0,0,0,0,0,0,0,0,0,0,0,0,0,0,0,0,0,0,0,0,0,0,0,0,0,0,0,0,0,0,0,0,0,0,0,0,0,0,0,0,0,0,0,0,0,0,0,0,0,0,0,0,0,0
0,0,0,0,0,0,0,0,0,0,0,0,0,0,0,0,0,0,0,0,0,0,0,0,0,0,0,0,0,0,0,0,0,0,0,0,0,0,0,0,0,0,0,0,0,0,0,0,0,0,0,0,0,0,0,0,0,0,0,0,0,0,0,0,0,0,0,0,0,0,0,0,0,0,0,0,0,0,0,0,0,0,0,0,0,0,0,0,0,0,0,0,0,0,0,0,0,0,0,0,0,0,0,0,0,0,0,0,0,0,0,0,0,0,0,0,0,0,0,0,0,0,0,0,0,0,0,0
0,0,0,0,0,0,0,0,0,0,0,0,0,0,0,0,0,0,0,0,0,0,0,0,0,0,0,0,0,0,0,0,0,0,0,0,0,0,0,0,0,0,0,0,0,0,0,0,0,0,0,0,0,0,0,0,0,0,0,0,0,0,0,0,0,0,0,0,0,0,0,0,0,0,0,0,0,0,0,0,0,0,0,0,0,0,0,0,0,0,0,0,0,0,0,0,0,0,0,0,0,0,0,0,0,0,0,0,0,0,0,0,0,0,0,0,0,0,0,0,0,0,0,0,0,0,0,0
0,0,0,0,0,0,0,0,0,0,0,0,0,0,0,0,0,0,0,0,0,0,0,0,0,0,0,0,0,0,0,0,0,0,0,0,0,0,0,0,0,0,0,0,0,0,0,0,0,0,0,0,0,0,0,0,0,0,0,0,0,0,0,0,0,0,0,0,0,0,0,0,0,0,0,0,0,0,0,0,0,0,0,0,0,0,0,0,0,0,0,0,0,0,0,0,0,0,0,0,0,0,0,0,0,0,0,0,0,0,0,0,0,0,0,0,0,0,0,0,0,0,0,0,0,0,0,0
0,0,0,0,0,0,0,0,0,0,0,0,0,0,0,0,0,0,0,0,0,0,0,0,0,0,0,0,0,0,0,0,0,0,0,0,0,0,0,0,0,0,0,0,0,0,0,0,0,0,0,0,0,0,0,0,0,0,0,0,0,0,0,0,0,0,0,0,0,0,0,0,0,0,0,0,0,0,0,0,0,0,0,0,0,0,0,0,0,0,0,0,0,0,0,0,0,0,0,0,0,0,0,0,0,0,0,0,0,0,0,0,0,0,0,0,0,0,0,0,0,0,0,0,0,0,0,0
0,0,0,0,0,0,0,0,0,0,0,0,0,0,0,0,0,0,0,0,0,0,0,0,0,0,0,0,0,0,0,0,0,0,0,0,0,0,0,0,0,0,0,0,0,0,0,0,0,0,0,0,0,0,0,0,0,0,0,0,0,0,0,0,0,0,0,0,0,0,0,0,0,0,0,0,0,0,0,0,0,0,0,0,0,0,0,0,0,0,0,0,0,0,0,0,0,0,0,0,0,0,0,0,0,0,0,0,0,0,0,0,0,0,0,0,0,0,0,0,0,0,0,0,0,0,0,0
0,0,0,0,0,0,0,0,0,0,0,0,0,0,0,0,0,0,0,0,0,0,0,0,0,0,0,0,0,0,0,0,0,0,0,0,0,0,0,0,0,0,0,0,0,0,0,0,0,0,0,0,0,0,0,0,0,0,0,0,0,0,0,0,0,0,0,0,0,0,0,0,0,0,0,0,0,0,0,0,0,0,0,0,0,0,0,0,0,0,0,0,0,0,0,0,0,0,0,0,0,0,0,0,0,0,0,0,0,0,0,0,0,0,0,0,0,0,0,0,0,0,0,0,0,0,0,0
0,0,0,0,0,0,0,0,0,0,0,0,0,0,0,0,0,0,0,0,0,0,0,0,0,0,0,0,0,0,0,0,0,0,0,0,0,0,0,0,0,0,0,0,0,0,0,0,0,0,0,0,0,0,0,0,0,0,0,0,0,0,0,0,0,0,0,0,0,0,0,0,0,0,0,0,0,0,0,0,0,0,0,0,0,0,0,0,0,0,0,0,0,0,0,0,0,0,0,0,0,0,0,0,0,0,0,0,0,0,0,0,0,0,0,0,0,0,0,0,0,0,0,0,0,0,0,0
0,0,0,0,0,0,0,0,0,0,0,0,0,0,0,0,0,0,0,0,0,0,0,0,0,0,0,0,0,0,0,0,0,0,0,0,0,0,0,0,0,0,0,0,0,0,0,0,0,0,0,0,0,0,0,0,0,0,0,0,0,0,0,0,0,0,0,0,0,0,0,0,0,0,0,0,0,0,0,0,0,0,0,0,0,0,0,0,0,0,0,0,0,0,0,0,0,0,0,0,0,0,0,0,0,0,0,0,0,0,0,0,0,0,0,0,0,0,0,0,0,0,0,0,0,0,0,0
0,0,0,0,0,0,0,0,0,0,0,0,0,0,0,0,0,0,0,0,0,0,0,0,0,0,0,0,0,0,0,0,0,0,0,0,0,0,0,0,0,0,0,0,0,0,0,0,0,0,0,0,0,0,0,0,0,0,0,0,0,0,0,0,0,0,0,0,0,0,0,0,0,0,0,0,0,0,0,0,0,0,0,0,0,0,0,0,0,0,0,0,0,0,0,0,0,0,0,0,0,0,0,0,0,0,0,0,0,0,0,0,0,0,0,0,0,0,0,0,0,0,0,0,0,0,0,0
0,0,0,0,0,0,0,0,0,0,0,0,0,0,0,0,0,0,0,0,0,0,0,0,0,0,0,0,0,0,0,0,0,0,0,0,0,0,0,0,0,0,0,0,0,0,0,0,0,0,0,0,0,0,0,0,0,0,0,0,0,0,0,0,0,0,0,0,0,0,0,0,0,0,0,0,0,0,0,0,0,0,0,0,0,0,0,0,0,0,0,0,0,0,0,0,0,0,0,0,0,0,0,0,0,0,0,0,0,0,0,0,0,0,0,0,0,0,0,0,0,0,0,0,0,0,0,0
0,0,0,0,0,0,0,0,0,0,0,0,0,0,0,0,0,0,0,0,0,0,0,0,0,0,0,0,0,0,0,0,0,0,0,0,0,0,0,0,0,0,0,0,0,0,0,0,0,0,0,0,0,0,0,0,0,0,0,0,0,0,0,0,0,0,0,0,0,0,0,0,0,0,0,0,0,0,0,0,0,0,0,0,0,0,0,0,0,0,0,0,0,0,0,0,0,0,0,0,0,0,0,0,0,0,0,0,0,0,0,0,0,0,0,0,0,0,0,0,0,0,0,0,0,0,0,0
0,0,0,0,0,0,0,0,0,0,0,0,0,0,0,0,0,0,0,0,0,0,0,0,0,0,0,0,0,0,0,0,0,0,0,0,0,0,0,0,0,0,0,0,0,0,0,0,0,0,0,0,0,0,0,0,0,0,0,0,0,0,0,0,0,0,0,0,0,0,0,0,0,0,0,0,0,0,0,0,0,0,0,0,0,0,0,0,0,0,0,0,0,0,0,0,0,0,0,0,0,0,0,0,0,0,0,0,0,0,0,0,0,0,0,0,0,0,0,0,0,0,0,0,0,0,0,0
0,0,0,0,0,0,0,0,0,0,0,0,0,0,0,0,0,0,0,0,0,0,0,0,0,0,0,0,0,0,0,0,0,0,0,0,0,0,0,0,0,0,0,0,0,0,0,0,0,0,0,0,0,0,0,0,0,0,0,0,0,0,0,0,0,0,0,0,0,0,0,0,0,0,0,0,0,0,0,0,0,0,0,0,0,0,0,0,0,0,0,0,0,0,0,0,0,0,0,0,0,0,0,0,0,0,0,0,0,0,0,0,0,0,0,0,0,0,0,0,0,0,0,0,0,0,0,0
0,0,0,0,0,0,0,0,0,0,0,0,0,0,0,0,0,0,0,0,0,0,0,0,0,0,0,0,0,0,0,0,0,0,0,0,0,0,0,0,0,0,0,0,0,0,0,0,0,0,0,0,0,0,0,0,0,0,0,0,0,0,0,0,0,0,0,0,0,0,0,0,0,0,0,0,0,0,0,0,0,0,0,0,0,0,0,0,0,0,0,0,0,0,0,0,0,0,0,0,0,0,0,0,0,0,0,0,0,0,0,0,0,0,0,0,0,0,0,0,0,0,0,0,0,0,0,0
0,0,0,0,0,0,0,0,0,0,0,0,0,0,0,0,0,0,0,0,0,0,0,0,0,0,0,0,0,0,0,0,0,0,0,0,0,0,0,0,0,0,0,0,0,0,0,0,0,0,0,0,0,0,0,0,0,0,0,0,0,0,0,0,0,0,0,0,0,0,0,0,0,0,0,0,0,0,0,0,0,0,0,0,0,0,0,0,0,0,0,0,0,0,0,0,0,0,0,0,0,0,0,0,0,0,0,0,0,0,0,0,0,0,0,0,0,0,0,0,0,0,0,0,0,0,0,0
0,0,0,0,0,0,0,0,0,0,0,0,0,0,0,0,0,0,0,0,0,0,0,0,0,0,0,0,0,0,0,0,0,0,0,0,0,0,0,0,0,0,0,0,0,0,0,0,0,0,0,0,0,0,0,0,0,0,0,0,0,0,0,0,0,0,0,0,0,0,0,0,0,0,0,0,0,0,0,0,0,0,0,0,0,0,0,0,0,0,0,0,0,0,0,0,0,0,0,0,0,0,0,0,0,0,0,0,0,0,0,0,0,0,0,0,0,0,0,0,0,0,0,0,0,0,0,0
0,0,0,0,0,0,0,0,0,0,0,0,0,0,0,0,0,0,0,0,0,0,0,0,0,0,0,0,0,0,0,0,0,0,0,0,0,0,0,0,0,0,0,0,0,0,0,0,0,0,0,0,0,0,0,0,0,0,0,0,0,0,0,0,0,0,0,0,0,0,0,0,0,0,0,0,0,0,0,0,0,0,0,0,0,0,0,0,0,0,0,0,0,0,0,0,0,0,0,0,0,0,0,0,0,0,0,0,0,0,0,0,0,0,0,0,0,0,0,0,0,0,0,0,0,0,0,0
0,0,0,0,0,0,0,0,0,0,0,0,0,0,0,0,0,0,0,0,0,0,0,0,0,0,0,0,0,0,0,0,0,0,0,0,0,0,0,0,0,0,0,0,0,0,0,0,0,0,0,0,0,0,0,0,0,0,0,0,0,0,0,0,0,0,0,0,0,0,0,0,0,0,0,0,0,0,0,0,0,0,0,0,0,0,0,0,0,0,0,0,0,0,0,0,0,0,0,0,0,0,0,0,0,0,0,0,0,0,0,0,0,0,0,0,0,0,0,0,0,0,0,0,0,0,0,0
0,0,0,0,0,0,0,0,0,0,0,0,0,0,0,0,0,0,0,0,0,0,0,0,0,0,0,0,0,0,0,0,0,0,0,0,0,0,0,0,0,0,0,0,0,0,0,0,0,0,0,0,0,0,0,0,0,0,0,0,0,0,0,0,0,0,0,0,0,0,0,0,0,0,0,0,0,0,0,0,0,0,0,0,0,0,0,0,0,0,0,0,0,0,0,0,0,0,0,0,0,0,0,0,0,0,0,0,0,0,0,0,0,0,0,0,0,0,0,0,0,0,0,0,0,0,0,0
0,0,0,0,0,0,0,0,0,0,0,0,0,0,0,0,0,0,0,0,0,0,0,0,0,0,0,0,0,0,0,0,0,0,0,0,0,0,0,0,0,0,0,0,0,0,0,0,0,0,0,0,0,0,0,0,0,0,0,0,0,0,0,0,0,0,0,0,0,0,0,0,0,0,0,0,0,0,0,0,0,0,0,0,0,0,0,0,0,0,0,0,0,0,0,0,0,0,0,0,0,0,0,0,0,0,0,0,0,0,0,0,0,0,0,0,0,0,0,0,0,0,0,0,0,0,0,0
0,0,0,0,0,0,0,0,0,0,0,0,0,0,0,0,0,0,0,0,0,0,0,0,0,0,0,0,0,0,0,0,0,0,0,0,0,0,0,0,0,0,0,0,0,0,0,0,0,0,0,0,0,0,0,0,0,0,0,0,0,0,0,0,0,0,0,0,0,0,0,0,0,0,0,0,0,0,0,0,0,0,0,0,0,0,0,0,0,0,0,0,0,0,0,0,0,0,0,0,0,0,0,0,0,0,0,0,0,0,0,0,0,0,0,0,0,0,0,0,0,0,0,0,0,0,0,0
0,0,0,0,0,0,0,0,0,0,0,0,0,0,0,0,0,0,0,0,0,0,0,0,0,0,0,0,0,0,0,0,0,0,0,0,0,0,0,0,0,0,0,0,0,0,0,0,0,0,0,0,0,0,0,0,0,0,0,0,0,0,0,0,0,0,0,0,0,0,0,0,0,0,0,0,0,0,0,0,0,0,0,0,0,0,0,0,0,0,0,0,0,0,0,0,0,0,0,0,0,0,0,0,0,0,0,0,0,0,0,0,0,0,0,0,0,0,0,0,0,0,0,0,0,0,0,0
0,0,0,0,0,0,0,0,0,0,0,0,0,0,0,0,0,0,0,0,0,0,0,0,0,0,0,0,0,0,0,0,0,0,0,0,0,0,0,0,0,0,0,0,0,0,0,0,0,0,0,0,0,0,0,0,0,0,0,0,0,0,0,0,0,0,0,0,0,0,0,0,0,0,0,0,0,0,0,0,0,0,0,0,0,0,0,0,0,0,0,0,0,0,0,0,0,0,0,0,0,0,0,0,0,0,0,0,0,0,0,0,0,0,0,0,0,0,0,0,0,0,0,0,0,0,0,0
0,0,0,0,0,0,0,0,0,0,0,0,0,0,0,0,0,0,0,0,0,0,0,0,0,0,0,0,0,0,0,0,0,0,0,0,0,0,0,0,0,0,0,0,0,0,0,0,0,0,0,0,0,0,0,0,0,0,0,0,0,0,0,0,0,0,0,0,0,0,0,0,0,0,0,0,0,0,0,0,0,0,0,0,0,0,0,0,0,0,0,0,0,0,0,0,0,0,0,0,0,0,0,0,0,0,0,0,0,0,0,0,0,0,0,0,0,0,0,0,0,0,0,0,0,0,0,0
0,0,0,0,0,0,0,0,0,0,0,0,0,0,0,0,0,0,0,0,0,0,0,0,0,0,0,0,0,0,0,0,0,0,0,0,0,0,0,0,0,0,0,0,0,0,0,0,0,0,0,0,0,0,0,0,0,0,0,0,0,0,0,0,0,0,0,0,0,0,0,0,0,0,0,0,0,0,0,0,0,0,0,0,0,0,0,0,0,0,0,0,0,0,0,0,0,0,0,0,0,0,0,0,0,0,0,0,0,0,0,0,0,0,0,0,0,0,0,0,0,0,0,0,0,0,0,0
0,0,0,0,0,0,0,0,0,0,0,0,0,0,0,0,0,0,0,0,0,0,0,0,0,0,0,0,0,0,0,0,0,0,0,0,0,0,0,0,0,0,0,0,0,0,0,0,0,0,0,0,0,0,0,0,0,0,0,0,0,0,0,0,0,0,0,0,0,0,0,0,0,0,0,0,0,0,0,0,0,0,0,0,0,0,0,0,0,0,0,0,0,0,0,0,0,0,0,0,0,0,0,0,0,0,0,0,0,0,0,0,0,0,0,0,0,0,0,0,0,0,0,0,0,0,0,0
0,0,0,0,0,0,0,0,0,0,0,0,0,0,0,0,0,0,0,0,0,0,0,0,0,0,0,0,0,0,0,0,0,0,0,0,0,0,0,0,0,0,0,0,0,0,0,0,0,0,0,0,0,0,0,0,0,0,0,0,0,0,0,0,0,0,0,0,0,0,0,0,0,0,0,0,0,0,0,0,0,0,0,0,0,0,0,0,0,0,0,0,0,0,0,0,0,0,0,0,0,0,0,0,0,0,0,0,0,0,0,0,0,0,0,0,0,0,0,0,0,0,0,0,0,0,0,0
0,0,0,0,0,0,0,0,0,0,0,0,0,0,0,0,0,0,0,0,0,0,0,0,0,0,0,0,0,0,0,0,0,0,0,0,0,0,0,0,0,0,0,0,0,0,0,0,0,0,0,0,0,0,0,0,0,0,0,0,0,0,0,0,0,0,0,0,0,0,0,0,0,0,0,0,0,0,0,0,0,0,0,0,0,0,0,0,0,0,0,0,0,0,0,0,0,0,0,0,0,0,0,0,0,0,0,0,0,0,0,0,0,0,0,0,0,0,0,0,0,0,0,0,0,0,0,0
0,0,0,0,0,0,0,0,0,0,0,0,0,0,0,0,0,0,0,0,0,0,0,0,0,0,0,0,0,0,0,0,0,0,0,0,0,0,0,0,0,0,0,0,0,0,0,0,0,0,0,0,0,0,0,0,0,0,0,0,0,0,0,0,0,0,0,0,0,0,0,0,0,0,0,0,0,0,0,0,0,0,0,0,0,0,0,0,0,0,0,0,0,0,0,0,0,0,0,0,0,0,0,0,0,0,0,0,0,0,0,0,0,0,0,0,0,0,0,0,0,0,0,0,0,0,0,0
0,0,0,0,0,0,0,0,0,0,0,0,0,0,0,0,0,0,0,0,0,0,0,0,0,0,0,0,0,0,0,0,0,0,0,0,0,0,0,0,0,0,0,0,0,0,0,0,0,0,0,0,0,0,0,0,0,0,0,0,0,0,0,0,0,0,0,0,0,0,0,0,0,0,0,0,0,0,0,0,0,0,0,0,0,0,0,0,0,0,0,0,0,0,0,0,0,0,0,0,0,0,0,0,0,0,0,0,0,0,0,0,0,0,0,0,0,0,0,0,0,0,0,0,0,0,0,0
0,0,0,0,0,0,0,0,0,0,0,0,0,0,0,0,0,0,0,0,0,0,0,0,0,0,0,0,0,0,0,0,0,0,0,0,0,0,0,0,0,0,0,0,0,0,0,0,0,0,0,0,0,0,0,0,0,0,0,0,0,0,0,0,0,0,0,0,0,0,0,0,0,0,0,0,0,0,0,0,0,0,0,0,0,0,0,0,0,0,0,0,0,0,0,0,0,0,0,0,0,0,0,0,0,0,0,0,0,0,0,0,0,0,0,0,0,0,0,0,0,0,0,0,0,0,0,0
0,0,0,0,0,0,0,0,0,0,0,0,0,0,0,0,0,0,0,0,0,0,0,0,0,0,0,0,0,0,0,0,0,0,0,0,0,0,0,0,0,0,0,0,0,0,0,0,0,0,0,0,0,0,0,0,0,0,0,0,0,0,0,0,0,0,0,0,0,0,0,0,0,0,0,0,0,0,0,0,0,0,0,0,0,0,0,0,0,0,0,0,0,0,0,0,0,0,0,0,0,0,0,0,0,0,0,0,0,0,0,0,0,0,0,0,0,0,0,0,0,0,0,0,0,0,0,0
0,0,0,0,0,0,0,0,0,0,0,0,0,0,0,0,0,0,0,0,0,0,0,0,0,0,0,0,0,0,0,0,0,0,0,0,0,0,0,0,0,0,0,0,0,0,0,0,0,0,0,0,0,0,0,0,0,0,0,0,0,0,0,0,0,0,0,0,0,0,0,0,0,0,0,0,0,0,0,0,0,0,0,0,0,0,0,0,0,0,0,0,0,0,0,0,0,0,0,0,0,0,0,0,0,0,0,0,0,0,0,0,0,0,0,0,0,0,0,0,0,0,0,0,0,0,0,0
0,0,0,0,0,0,0,0,0,0,0,0,0,0,0,0,0,0,0,0,0,0,0,0,0,0,0,0,0,0,0,0,0,0,0,0,0,0,0,0,0,0,0,0,0,0,0,0,0,0,0,0,0,0,0,0,0,0,0,0,0,0,0,0,0,0,0,0,0,0,0,0,0,0,0,0,0,0,0,0,0,0,0,0,0,0,0,0,0,0,0,0,0,0,0,0,0,0,0,0,0,0,0,0,0,0,0,0,0,0,0,0,0,0,0,0,0,0,0,0,0,0,0,0,0,0,0,0
0,0,0,0,0,0,0,0,0,0,0,0,0,0,0,0,0,0,0,0,0,0,0,0,0,0,0,0,0,0,0,0,0,0,0,0,0,0,0,0,0,0,0,0,0,0,0,0,0,0,0,0,0,0,0,0,0,0,0,0,0,0,0,0,0,0,0,0,0,0,0,0,0,0,0,0,0,0,0,0,0,0,0,0,0,0,0,0,0,0,0,0,0,0,0,0,0,0,0,0,0,0,0,0,0,0,0,0,0,0,0,0,0,0,0,0,0,0,0,0,0,0,0,0,0,0,0,0
0,0,0,0,0,0,0,0,0,0,0,0,0,0,0,0,0,0,0,0,0,0,0,0,0,0,0,0,0,0,0,0,0,0,0,0,0,0,0,0,0,0,0,0,0,0,0,0,0,0,0,0,0,0,0,0,0,0,0,0,0,0,0,0,0,0,0,0,0,0,0,0,0,0,0,0,0,0,0,0,0,0,0,0,0,0,0,0,0,0,0,0,0,0,0,0,0,0,0,0,0,0,0,0,0,0,0,0,0,0,0,0,0,0,0,0,0,0,0,0,0,0,0,0,0,0,0,0
0,0,0,0,0,0,0,0,0,0,0,0,0,0,0,0,0,0,0,0,0,0,0,0,0,0,0,0,0,0,0,0,0,0,0,0,0,0,0,0,0,0,0,0,0,0,0,0,0,0,0,0,0,0,0,0,0,0,0,0,0,0,0,0,0,0,0,0,0,0,0,0,0,0,0,0,0,0,0,0,0,0,0,0,0,0,0,0,0,0,0,0,0,0,0,0,0,0,0,0,0,0,0,0,0,0,0,0,0,0,0,0,0,0,0,0,0,0,0,0,0,0,0,0,0,0,0,0
0,0,0,0,0,0,0,0,0,0,0,0,0,0,0,0,0,0,0,0,0,0,0,0,0,0,0,0,0,0,0,0,0,0,0,0,0,0,0,0,0,0,0,0,0,0,0,0,0,0,0,0,0,0,0,0,0,0,0,0,0,0,0,0,0,0,0,0,0,0,0,0,0,0,0,0,0,0,0,0,0,0,0,0,0,0,0,0,0,0,0,0,0,0,0,0,0,0,0,0,0,0,0,0,0,0,0,0,0,0,0,0,0,0,0,0,0,0,0,0,0,0,0,0,0,0,0,0
0,0,0,0,0,0,0,0,0,0,0,0,0,0,0,0,0,0,0,0,0,0,0,0,0,0,0,0,0,0,0,0,0,0,0,0,0,0,0,0,0,0,0,0,0,0,0,0,0,0,0,0,0,0,0,0,0,0,0,0,0,0,0,0,0,0,0,0,0,0,0,0,0,0,0,0,0,0,0,0,0,0,0,0,0,0,0,0,0,0,0,0,0,0,0,0,0,0,0,0,0,0,0,0,0,0,0,0,0,0,0,0,0,0,0,0,0,0,0,0,0,0,0,0,0,0,0,0
0,0,0,0,0,0,0,0,0,0,0,0,0,0,0,0,0,0,0,0,0,0,0,0,0,0,0,0,0,0,0,0,0,0,0,0,0,0,0,0,0,0,0,0,0,0,0,0,0,0,0,0,0,0,0,0,0,0,0,0,0,0,0,0,0,0,0,0,0,0,0,0,0,0,0,0,0,0,0,0,0,0,0,0,0,0,0,0,0,0,0,0,0,0,0,0,0,0,0,0,0,0,0,0,0,0,0,0,0,0,0,0,0,0,0,0,0,0,0,0,0,0,0,0,0,0,0,0
0,0,0,0,0,0,0,0,0,0,0,0,0,0,0,0,0,0,0,0,0,0,0,0,0,0,0,0,0,0,0,0,0,0,0,0,0,0,0,0,0,0,0,0,0,0,0,0,0,0,0,0,0,0,0,0,0,0,0,0,0,0,0,0,0,0,0,0,0,0,0,0,0,0,0,0,0,0,0,0,0,0,0,0,0,0,0,0,0,0,0,0,0,0,0,0,0,0,0,0,0,0,0,0,0,0,0,0,0,0,0,0,0,0,0,0,0,0,0,0,0,0,0,0,0,0,0,0
0,0,0,0,0,0,0,0,0,0,0,0,0,0,0,0,0,0,0,0,0,0,0,0,0,0,0,0,0,0,0,0,0,0,0,0,0,0,0,0,0,0,0,0,0,0,0,0,0,0,0,0,0,0,0,0,0,0,0,0,0,0,0,0,0,0,0,0,0,0,0,0,0,0,0,0,0,0,0,0,0,0,0,0,0,0,0,0,0,0,0,0,0,0,0,0,0,0,0,0,0,0,0,0,0,0,0,0,0,0,0,0,0,0,0,0,0,0,0,0,0,0,0,0,0,0,0,0
0,0,0,0,0,0,0,0,0,0,0,0,0,0,0,0,0,0,0,0,0,0,0,0,0,0,0,0,0,0,0,0,0,0,0,0,0,0,0,0,0,0,0,0,0,0,0,0,0,0,0,0,0,0,0,0,0,0,0,0,0,0,0,0,0,0,0,0,0,0,0,0,0,0,0,0,0,0,0,0,0,0,0,0,0,0,0,0,0,0,0,0,0,0,0,0,0,0,0,0,0,0,0,0,0,0,0,0,0,0,0,0,0,0,0,0,0,0,0,0,0,0,0,0,0,0,0,0
0,0,0,0,0,0,0,0,0,0,0,0,0,0,0,0,0,0,0,0,0,0,0,0,0,0,0,0,0,0,0,0,0,0,0,0,0,0,0,0,0,0,0,0,0,0,0,0,0,0,0,0,0,0,0,0,0,0,0,0,0,0,0,0,0,0,0,0,0,0,0,0,0,0,0,0,0,0,0,0,0,0,0,0,0,0,0,0,0,0,0,0,0,0,0,0,0,0,0,0,0,0,0,0,0,0,0,0,0,0,0,0,0,0,0,0,0,0,0,0,0,0,0,0,0,0,0,0
0,0,0,0,0,0,0,0,0,0,0,0,0,0,0,0,0,0,0,0,0,0,0,0,0,0,0,0,0,0,0,0,0,0,0,0,0,0,0,0,0,0,0,0,0,0,0,0,0,0,0,0,0,0,0,0,0,0,0,0,0,0,0,0,0,0,0,0,0,0,0,0,0,0,0,0,0,0,0,0,0,0,0,0,0,0,0,0,0,0,0,0,0,0,0,0,0,0,0,0,0,0,0,0,0,0,0,0,0,0,0,0,0,0,0,0,0,0,0,0,0,0,0,0,0,0,0,0
0,0,0,0,0,0,0,0,0,0,0,0,0,0,0,0,0,0,0,0,0,0,0,0,0,0,0,0,0,0,0,0,0,0,0,0,0,0,0,0,0,0,0,0,0,0,0,0,0,0,0,0,0,0,0,0,0,0,0,0,0,0,0,0,0,0,0,0,0,0,0,0,0,0,0,0,0,0,0,0,0,0,0,0,0,0,0,0,0,0,0,0,0,0,0,0,0,0,0,0,0,0,0,0,0,0,0,0,0,0,0,0,0,0,0,0,0,0,0,0,0,0,0,0,0,0,0,0
0,0,0,0,0,0,0,0,0,0,0,0,0,0,0,0,0,0,0,0,0,0,0,0,0,0,0,0,0,0,0,0,0,0,0,0,0,0,0,0,0,0,0,0,0,0,0,0,0,0,0,0,0,0,0,0,0,0,0,0,0,0,0,0,0,0,0,0,0,0,0,0,0,0,0,0,0,0,0,0,0,0,0,0,0,0,0,0,0,0,0,0,0,0,0,0,0,0,0,0,0,0,0,0,0,0,0,0,0,0,0,0,0,0,0,0,0,0,0,0,0,0,0,0,0,0,0,0
0,0,0,0,0,0,0,0,0,0,0,0,0,0,0,0,0,0,0,0,0,0,0,0,0,0,0,0,0,0,0,0,0,0,0,0,0,0,0,0,0,0,0,0,0,0,0,0,0,0,0,0,0,0,0,0,0,0,0,0,0,0,0,0,0,0,0,0,0,0,0,0,0,0,0,0,0,0,0,0,0,0,0,0,0,0,0,0,0,0,0,0,0,0,0,0,0,0,0,0,0,0,0,0,0,0,0,0,0,0,0,0,0,0,0,0,0,0,0,0,0,0,0,0,0,0,0,0
0,0,0,0,0,0,0,0,0,0,0,0,0,0,0,0,0,0,0,0,0,0,0,0,0,0,0,0,0,0,0,0,0,0,0,0,0,0,0,0,0,0,0,0,0,0,0,0,0,0,0,0,0,0,0,0,0,0,0,0,0,0,0,0,0,0,0,0,0,0,0,0,0,0,0,0,0,0,0,0,0,0,0,0,0,0,0,0,0,0,0,0,0,0,0,0,0,0,0,0,0,0,0,0,0,0,0,0,0,0,0,0,0,0,0,0,0,0,0,0,0,0,0,0,0,0,0,0
0,0,0,0,0,0,0,0,0,0,0,0,0,0,0,0,0,0,0,0,0,0,0,0,0,0,0,0,0,0,0,0,0,0,0,0,0,0,0,0,0,0,0,0,0,0,0,0,0,0,0,0,0,0,0,0,0,0,0,0,0,0,0,0,0,0,0,0,0,0,0,0,0,0,0,0,0,0,0,0,0,0,0,0,0,0,0,0,0,0,0,0,0,0,0,0,0,0,0,0,0,0,0,0,0,0,0,0,0,0,0,0,0,0,0,0,0,0,0,0,0,0,0,0,0,0,0,0
0,0,0,0,0,0,0,0,0,0,0,0,0,0,0,0,0,0,0,0,0,0,0,0,0,0,0,0,0,0,0,0,0,0,0,0,0,0,0,0,0,0,0,0,0,0,0,0,0,0,0,0,0,0,0,0,0,0,0,0,0,0,0,0,0,0,0,0,0,0,0,0,0,0,0,0,0,0,0,0,0,0,0,0,0,0,0,0,0,0,0,0,0,0,0,0,0,0,0,0,0,0,0,0,0,0,0,0,0,0,0,0,0,0,0,0,0,0,0,0,0,0,0,0,0,0,0,0
